40
15
20
4
2
7
18
33
6
18
22
23
26
30
33
1 1 0 0
1 2 25 25
1 3 29 29
1 4 51 51
1 5 38 38
1 6 59 59
1 7 60 60
1 8 18 18
1 9 25 25
1 10 34 34
1 11 50 50
1 12 61 61
1 13 23 23
1 14 44 44
1 15 66 66
1 16 4 4
1 17 38 38
1 18 35 35
1 19 56 56
1 20 46 46
1 21 43 43
1 22 56 56
1 23 68 68
1 24 47 47
1 25 46 46
1 26 60 60
1 27 50 50
1 28 76 76
1 29 39 39
1 30 55 55
1 31 36 36
1 32 35 35
1 33 12 12
1 34 65 65
1 35 57 57
1 36 44 44
1 37 18 18
1 38 19 19
1 39 55 55
1 40 21 21
2 2 0 0
2 3 54 54
2 4 30 30
2 5 17 17
2 6 34 34
2 7 34 34
2 8 43 43
2 9 41 41
2 10 43 43
2 11 25 25
2 12 81 81
2 13 37 37
2 14 29 29
2 15 40 40
2 16 28 28
2 17 44 44
2 18 55 55
2 19 46 46
2 20 41 41
2 21 19 19
2 22 40 40
2 23 73 73
2 24 68 68
2 25 56 56
2 26 78 78
2 27 69 69
2 28 97 97
2 29 16 16
2 30 55 55
2 31 56 56
2 32 31 31
2 33 33 33
2 34 69 69
2 35 80 80
2 36 69 69
2 37 11 11
2 38 31 31
2 39 51 51
2 40 8 8
3 3 0 0
3 4 80 80
3 5 64 64
3 6 88 88
3 7 88 88
3 8 15 15
3 9 25 25
3 10 50 50
3 11 79 79
3 12 56 56
3 13 40 40
3 14 72 72
3 15 94 94
3 16 27 27
3 17 55 55
3 18 17 17
3 19 81 81
3 20 70 70
3 21 72 72
3 22 84 84
3 23 81 81
3 24 39 39
3 25 57 57
3 26 58 58
3 27 48 48
3 28 65 65
3 29 65 65
3 30 75 75
3 31 37 37
3 32 60 60
3 33 29 29
3 34 79 79
3 35 46 46
3 36 23 23
3 37 45 45
3 38 40 40
3 39 77 77
3 40 48 48
4 4 0 0
4 5 37 37
4 6 26 26
4 7 27 27
4 8 67 67
4 9 70 70
4 10 50 50
4 11 14 14
4 12 91 91
4 13 50 50
4 14 14 14
4 15 29 29
4 16 54 54
4 17 47 47
4 18 84 84
4 19 28 28
4 20 32 32
4 21 12 12
4 22 16 16
4 23 67 67
4 24 83 83
4 25 60 60
4 26 87 87
4 27 80 80
4 28 108 108
4 29 33 33
4 30 47 47
4 31 70 70
4 32 30 30
4 33 54 54
4 34 63 63
4 35 94 94
4 36 90 90
4 37 41 41
4 38 46 46
4 39 39 39
4 40 37 37
5 5 0 0
5 6 27 27
5 7 27 27
5 8 56 56
5 9 44 44
5 10 60 60
5 11 26 26
5 12 97 97
5 13 53 53
5 14 42 42
5 15 33 33
5 16 39 39
5 17 62 62
5 18 60 60
5 19 60 60
5 20 57 57
5 21 25 25
5 22 51 51
5 23 90 90
5 24 84 84
5 25 73 73
5 26 95 95
5 27 86 86
5 28 113 113
5 29 4 4
5 30 72 72
5 31 72 72
5 32 47 47
5 33 48 48
5 34 86 86
5 35 95 95
5 36 81 81
5 37 20 20
5 38 48 48
5 39 67 67
5 40 17 17
6 6 0 0
6 7 1 1
6 8 77 77
6 9 71 71
6 10 70 70
6 11 13 13
6 12 111 111
6 13 67 67
6 14 38 38
6 15 6 6
6 16 61 61
6 17 69 69
6 18 86 86
6 19 54 54
6 20 57 57
6 21 21 21
6 22 42 42
6 23 92 92
6 24 100 100
6 25 82 82
6 26 108 108
6 27 100 100
6 28 128 128
6 29 24 24
6 30 72 72
6 31 88 88
6 32 52 52
6 33 67 67
6 34 88 88
6 35 112 112
6 36 103 103
6 37 43 43
6 38 62 62
6 39 65 65
6 40 39 39
7 7 0 0
7 8 78 78
7 9 71 71
7 10 71 71
7 11 14 14
7 12 112 112
7 13 68 68
7 14 39 39
7 15 6 6
7 16 62 62
7 17 70 70
7 18 86 86
7 19 55 55
7 20 58 58
7 21 22 22
7 22 43 43
7 23 93 93
7 24 101 101
7 25 83 83
7 26 109 109
7 27 101 101
7 28 128 128
7 29 24 24
7 30 73 73
7 31 88 88
7 32 53 53
7 33 67 67
7 34 89 89
7 35 112 112
7 36 103 103
7 37 43 43
7 38 63 63
7 39 66 66
7 40 40 40
8 8 0 0
8 9 28 28
8 10 35 35
8 11 68 68
8 12 49 49
8 13 25 25
8 14 58 58
8 15 84 84
8 16 17 17
8 17 40 40
8 18 29 29
8 19 66 66
8 20 55 55
8 21 60 60
8 22 69 69
8 23 67 67
8 24 32 32
8 25 43 43
8 26 49 49
8 27 39 39
8 28 61 61
8 29 57 57
8 30 60 60
8 31 26 26
8 32 45 45
8 33 14 14
8 34 65 65
8 35 42 42
8 36 26 26
8 37 36 36
8 38 25 25
8 39 62 62
8 40 39 39
9 9 0 0
9 10 57 57
9 11 65 65
9 12 77 77
9 13 47 47
9 14 66 66
9 15 77 77
9 16 21 21
9 17 62 62
9 18 16 16
9 19 80 80
9 20 71 71
9 21 60 60
9 22 78 78
9 23 92 92
9 24 60 60
9 25 68 68
9 26 77 77
9 27 67 67
9 28 88 88
9 29 47 47
9 30 80 80
9 31 54 54
9 32 59 59
9 33 34 34
9 34 89 89
9 35 69 69
9 36 48 48
9 37 29 29
9 38 44 44
9 39 80 80
9 40 33 33
10 10 0 0
10 11 58 58
10 12 41 41
10 13 11 11
10 14 37 37
10 15 76 76
10 16 37 37
10 17 5 5
10 18 63 63
10 19 36 36
10 20 24 24
10 21 49 49
10 22 44 44
10 23 34 34
10 24 35 35
10 25 13 13
10 26 38 38
10 27 31 31
10 28 58 58
10 29 59 59
10 30 25 25
10 31 22 22
10 32 20 20
10 33 24 24
10 34 31 31
10 35 45 45
10 36 48 48
10 37 45 45
10 38 15 15
10 39 29 29
10 40 45 45
11 11 0 0
11 12 98 98
11 13 55 55
11 14 25 25
11 15 18 18
11 16 53 53
11 17 57 57
11 18 80 80
11 19 42 42
11 20 44 44
11 21 8 8
11 22 31 31
11 23 80 80
11 24 89 89
11 25 69 69
11 26 95 95
11 27 88 88
11 28 115 115
11 29 22 22
11 30 59 59
11 31 76 76
11 32 39 39
11 33 56 56
11 34 75 75
11 35 100 100
11 36 93 93
11 37 36 36
11 38 50 50
11 39 52 52
11 40 32 32
12 12 0 0
12 13 44 44
12 14 77 77
12 15 116 116
12 16 63 63
12 17 44 44
12 18 74 74
12 19 73 73
12 20 62 62
12 21 90 90
12 22 84 84
12 23 45 45
12 24 17 17
12 25 33 33
12 26 5 5
12 27 11 11
12 28 17 17
12 29 97 97
12 30 54 54
12 31 25 25
12 32 61 61
12 33 50 50
12 34 46 46
12 35 14 14
12 36 38 38
12 37 79 79
12 38 49 49
12 39 62 62
12 40 80 80
13 13 0 0
13 14 38 38
13 15 73 73
13 16 26 26
13 17 16 16
13 18 52 52
13 19 42 42
13 20 31 31
13 21 47 47
13 22 48 48
13 23 45 45
13 24 34 34
13 25 23 23
13 26 42 42
13 27 33 33
13 28 60 60
13 29 53 53
13 30 35 35
13 31 21 21
13 32 22 22
13 33 13 13
13 34 42 42
13 35 45 45
13 36 42 42
13 37 36 36
13 38 5 5
13 39 37 37
13 40 37 37
14 14 0 0
14 15 42 42
14 16 48 48
14 17 34 34
14 18 78 78
14 19 18 18
14 20 19 19
14 21 19 19
14 22 12 12
14 23 54 54
14 24 71 71
14 25 46 46
14 26 74 74
14 27 67 67
14 28 95 95
14 29 39 39
14 30 34 34
14 31 58 58
14 32 17 17
14 33 44 44
14 34 50 50
14 35 81 81
14 36 80 80
14 37 39 39
14 38 35 35
14 39 27 27
14 40 36 36
15 15 0 0
15 16 68 68
15 17 74 74
15 18 92 92
15 19 57 57
15 20 61 61
15 21 26 26
15 22 44 44
15 23 96 96
15 24 106 106
15 25 87 87
15 26 113 113
15 27 105 105
15 28 133 133
15 29 30 30
15 30 76 76
15 31 93 93
15 32 57 57
15 33 73 73
15 34 92 92
15 35 118 118
15 36 109 109
15 37 49 49
15 38 68 68
15 39 68 68
15 40 46 46
16 16 0 0
16 17 41 41
16 18 31 31
16 19 60 60
16 20 50 50
16 21 46 46
16 22 59 59
16 23 71 71
16 24 47 47
16 25 48 48
16 26 62 62
16 27 52 52
16 28 76 76
16 29 40 40
16 30 59 59
16 31 37 37
16 32 38 38
16 33 14 14
16 34 68 68
16 35 58 58
16 36 43 43
16 37 19 19
16 38 22 22
16 39 59 59
16 40 22 22
17 17 0 0
17 18 68 68
17 19 32 32
17 20 20 20
17 21 48 48
17 22 40 40
17 23 31 31
17 24 39 39
17 25 13 13
17 26 40 40
17 27 34 34
17 28 61 61
17 29 60 60
17 30 20 20
17 31 27 27
17 32 18 18
17 33 28 28
17 34 27 27
17 35 49 49
17 36 53 53
17 37 47 47
17 38 18 18
17 39 23 23
17 40 47 47
18 18 0 0
18 19 90 90
18 20 80 80
18 21 74 74
18 22 90 90
18 23 96 96
18 24 56 56
18 25 72 72
18 26 75 75
18 27 65 65
18 28 82 82
18 29 62 62
18 30 87 87
18 31 53 53
18 32 69 69
18 33 40 40
18 34 94 94
18 35 63 63
18 36 39 39
18 37 44 44
18 38 51 51
18 39 88 88
18 40 48 48
19 19 0 0
19 20 12 12
19 21 37 37
19 22 13 13
19 23 41 41
19 24 71 71
19 25 41 41
19 26 69 69
19 27 65 65
19 28 90 90
19 29 57 57
19 30 21 21
19 31 59 59
19 32 22 22
19 33 52 52
19 34 37 37
19 35 80 80
19 36 84 84
19 37 55 55
19 38 41 41
19 39 13 13
19 40 53 53
20 20 0 0
20 21 37 37
20 22 21 21
20 23 35 35
20 24 59 59
20 25 30 30
20 26 58 58
20 27 53 53
20 28 79 79
20 29 55 55
20 30 15 15
20 31 47 47
20 32 12 12
20 33 41 41
20 34 31 31
20 35 69 69
20 36 72 72
20 37 49 49
20 38 30 30
20 39 10 10
20 40 47 47
21 21 0 0
21 22 27 27
21 23 72 72
21 24 80 80
21 25 61 61
21 26 87 87
21 27 79 79
21 28 107 107
21 29 21 21
21 30 52 52
21 31 67 67
21 32 31 31
21 33 48 48
21 34 68 68
21 35 92 92
21 36 85 85
21 37 30 30
21 38 42 42
21 39 46 46
21 40 26 26
22 22 0 0
22 23 54 54
22 24 79 79
22 25 51 51
22 26 79 79
22 27 74 74
22 28 101 101
22 29 48 48
22 30 34 34
22 31 66 66
22 32 25 25
22 33 55 55
22 34 50 50
22 35 89 89
22 36 90 90
22 37 51 51
22 38 45 45
22 39 26 26
22 40 48 48
23 23 0 0
23 24 52 52
23 25 24 24
23 26 40 40
23 27 42 42
23 28 59 59
23 29 88 88
23 30 20 20
23 31 46 46
23 32 43 43
23 33 58 58
23 34 4 4
23 35 57 57
23 36 73 73
23 37 78 78
23 38 49 49
23 39 28 28
23 40 77 77
24 24 0 0
24 25 32 32
24 26 19 19
24 27 11 11
24 28 29 29
24 29 84 84
24 30 55 55
24 31 13 13
24 32 54 54
24 33 36 36
24 34 52 52
24 35 11 11
24 36 22 22
24 37 64 64
24 38 38 38
24 39 61 61
24 40 67 67
25 25 0 0
25 26 28 28
25 27 25 25
25 28 50 50
25 29 72 72
25 30 23 23
25 31 23 23
25 32 30 30
25 33 35 35
25 34 22 22
25 35 40 40
25 36 50 50
25 37 58 58
25 38 27 27
25 39 30 30
25 40 58 58
26 26 0 0
26 27 10 10
26 28 21 21
26 29 94 94
26 30 50 50
26 31 24 24
26 32 57 57
26 33 48 48
26 34 41 41
26 35 18 18
26 36 40 40
26 37 77 77
26 38 47 47
26 39 57 57
26 40 78 78
27 27 0 0
27 28 28 28
27 29 85 85
27 30 47 47
27 31 14 14
27 32 51 51
27 33 39 39
27 34 42 42
27 35 16 16
27 36 33 33
27 37 67 67
27 38 38 38
27 39 54 54
27 40 69 69
28 28 0 0
28 29 112 112
28 30 71 71
28 31 40 40
28 32 78 78
28 33 64 64
28 34 61 61
28 35 19 19
28 36 43 43
28 37 93 93
28 38 66 66
28 39 79 79
28 40 95 95
29 29 0 0
29 30 69 69
29 31 72 72
29 32 45 45
29 33 48 48
29 34 84 84
29 35 95 95
29 36 82 82
29 37 21 21
29 38 47 47
29 39 64 64
29 40 18 18
30 30 0 0
30 31 45 45
30 32 25 25
30 33 48 48
30 34 16 16
30 35 63 63
30 36 72 72
30 37 61 61
30 38 37 37
30 39 8 8
30 40 60 60
31 31 0 0
31 32 41 41
31 33 24 24
31 34 44 44
31 35 24 24
31 36 28 28
31 37 53 53
31 38 25 25
31 39 50 50
31 40 55 55
32 32 0 0
32 33 31 31
32 34 39 39
32 35 65 65
32 36 64 64
32 37 37 37
32 38 20 20
32 39 22 22
32 40 35 35
33 33 0 0
33 34 55 55
33 35 47 47
33 36 37 37
33 37 29 29
33 38 11 11
33 39 49 49
33 40 31 31
34 34 0 0
34 35 58 58
34 36 72 72
34 37 74 74
34 38 46 46
34 39 24 24
34 40 73 73
35 35 0 0
35 36 25 25
35 37 75 75
35 38 50 50
35 39 70 70
35 40 78 78
36 36 0 0
36 37 62 62
36 38 45 45
36 39 77 77
36 40 65 65
37 37 0 0
37 38 31 31
37 39 59 59
37 40 4 4
38 38 0 0
38 39 38 38
38 40 32 32
39 39 0 0
39 40 57 57
40 40 0 0