80
15
15
8
4
12
19
23
37
39
44
56
12
3
4
16
19
28
43
47
51
54
59
74
77
1 1 0 0
1 2 44 44
1 3 91 91
1 4 36 36
1 5 89 89
1 6 28 28
1 7 71 71
1 8 22 22
1 9 54 54
1 10 95 95
1 11 3 3
1 12 85 85
1 13 29 29
1 14 36 36
1 15 48 48
1 16 96 96
1 17 44 44
1 18 66 66
1 19 68 68
1 20 72 72
1 21 74 74
1 22 88 88
1 23 92 92
1 24 64 64
1 25 77 77
1 26 42 42
1 27 86 86
1 28 87 87
1 29 70 70
1 30 71 71
1 31 57 57
1 32 38 38
1 33 31 31
1 34 40 40
1 35 61 61
1 36 63 63
1 37 60 60
1 38 92 92
1 39 93 93
1 40 56 56
1 41 35 35
1 42 12 12
1 43 57 57
1 44 82 82
1 45 59 59
1 46 35 35
1 47 53 53
1 48 50 50
1 49 39 39
1 50 70 70
1 51 62 62
1 52 17 17
1 53 42 42
1 54 81 81
1 55 86 86
1 56 73 73
1 57 59 59
1 58 62 62
1 59 83 83
1 60 96 96
1 61 58 58
1 62 66 66
1 63 57 57
1 64 91 91
1 65 46 46
1 66 39 39
1 67 46 46
1 68 57 57
1 69 31 31
1 70 59 59
1 71 87 87
1 72 76 76
1 73 5 5
1 74 6 6
1 75 80 80
1 76 61 61
1 77 71 71
1 78 91 91
1 79 54 54
1 80 78 78
2 2 0 0
2 3 99 99
2 4 80 80
2 5 84 84
2 6 71 71
2 7 76 76
2 8 66 66
2 9 98 98
2 10 121 121
2 11 42 42
2 12 85 85
2 13 72 72
2 14 9 9
2 15 82 82
2 16 117 117
2 17 59 59
2 18 81 81
2 19 71 71
2 20 69 69
2 21 93 93
2 22 99 99
2 23 95 95
2 24 58 58
2 25 113 113
2 26 81 81
2 27 85 85
2 28 104 104
2 29 64 64
2 30 61 61
2 31 80 80
2 32 7 7
2 33 75 75
2 34 84 84
2 35 103 103
2 36 60 60
2 37 94 94
2 38 96 96
2 39 93 93
2 40 88 88
2 41 54 54
2 42 55 55
2 43 57 57
2 44 113 113
2 45 89 89
2 46 77 77
2 47 97 97
2 48 28 28
2 49 10 10
2 50 109 109
2 51 90 90
2 52 27 27
2 53 33 33
2 54 113 113
2 55 101 101
2 56 106 106
2 57 93 93
2 58 99 99
2 59 87 87
2 60 120 120
2 61 64 64
2 62 96 96
2 63 86 86
2 64 117 117
2 65 89 89
2 66 64 64
2 67 27 27
2 68 64 64
2 69 64 64
2 70 69 69
2 71 80 80
2 72 76 76
2 73 47 47
2 74 44 44
2 75 82 82
2 76 101 101
2 77 67 67
2 78 114 114
2 79 76 76
2 80 86 86
3 3 0 0
3 4 91 91
3 5 29 29
3 6 89 89
3 7 23 23
3 8 98 98
3 9 105 105
3 10 46 46
3 11 93 93
3 12 21 21
3 13 89 89
3 14 93 93
3 15 61 61
3 16 31 31
3 17 47 47
3 18 25 25
3 19 28 28
3 20 34 34
3 21 27 27
3 22 5 5
3 23 11 11
3 24 44 44
3 25 70 70
3 26 74 74
3 27 21 21
3 28 18 18
3 29 39 39
3 30 45 45
3 31 38 38
3 32 95 95
3 33 99 99
3 34 105 105
3 35 90 90
3 36 40 40
3 37 59 59
3 38 10 10
3 39 18 18
3 40 54 54
3 41 56 56
3 42 86 86
3 43 43 43
3 44 56 56
3 45 50 50
3 46 82 82
3 47 95 95
3 48 73 73
3 49 89 89
3 50 77 77
3 51 46 46
3 52 90 90
3 53 66 66
3 54 57 57
3 55 14 14
3 56 61 61
3 57 61 61
3 58 70 70
3 59 13 13
3 60 41 41
3 61 36 36
3 62 48 48
3 63 49 49
3 64 42 42
3 65 93 93
3 66 53 53
3 67 73 73
3 68 36 36
3 69 65 65
3 70 32 32
3 71 33 33
3 72 26 26
3 73 95 95
3 74 85 85
3 75 19 19
3 76 81 81
3 77 36 36
3 78 35 35
3 79 40 40
3 80 13 13
4 4 0 0
4 5 100 100
4 6 8 8
4 7 77 77
4 8 18 18
4 9 19 19
4 10 77 77
4 11 39 39
4 12 93 93
4 13 7 7
4 14 71 71
4 15 31 31
4 16 83 83
4 17 53 53
4 18 66 66
4 19 76 76
4 20 86 86
4 21 66 66
4 22 86 86
4 23 96 96
4 24 80 80
4 25 49 49
4 26 17 17
4 27 94 94
4 28 80 80
4 29 86 86
4 30 88 88
4 31 52 52
4 32 73 73
4 33 11 11
4 34 14 14
4 35 26 26
4 36 78 78
4 37 39 39
4 38 95 95
4 39 99 99
4 40 39 39
4 41 46 46
4 42 25 25
4 43 72 72
4 44 59 59
4 45 43 43
4 46 9 9
4 47 17 17
4 48 79 79
4 49 73 73
4 50 39 39
4 51 48 48
4 52 52 52
4 53 68 68
4 54 58 58
4 55 81 81
4 56 49 49
4 57 37 37
4 58 35 35
4 59 87 87
4 60 79 79
4 61 68 68
4 62 50 50
4 63 43 43
4 64 74 74
4 65 9 9
4 66 41 41
4 67 75 75
4 68 66 66
4 69 29 29
4 70 66 66
4 71 99 99
4 72 86 86
4 73 35 35
4 74 36 36
4 75 87 87
4 76 28 28
4 77 85 85
4 78 77 77
4 79 51 51
4 80 81 81
5 5 0 0
5 6 96 96
5 7 23 23
5 8 102 102
5 9 117 117
5 10 74 74
5 11 90 90
5 12 9 9
5 13 96 96
5 14 80 80
5 15 74 74
5 16 60 60
5 17 48 48
5 18 38 38
5 19 23 23
5 20 17 17
5 21 49 49
5 22 33 33
5 23 18 18
5 24 27 27
5 25 92 92
5 26 86 86
5 27 8 8
5 28 46 46
5 29 20 20
5 30 23 23
5 31 51 51
5 32 81 81
5 33 106 106
5 34 113 113
5 35 106 106
5 36 26 26
5 37 77 77
5 38 19 19
5 39 12 12
5 40 71 71
5 41 57 57
5 42 88 88
5 43 32 32
5 44 81 81
5 45 67 67
5 46 91 91
5 47 108 108
5 48 56 56
5 49 75 75
5 50 97 97
5 51 64 64
5 52 83 83
5 53 53 53
5 54 81 81
5 55 40 40
5 56 82 82
5 57 78 78
5 58 88 88
5 59 18 18
5 60 69 69
5 61 32 32
5 62 68 68
5 63 65 65
5 64 69 69
5 65 105 105
5 66 59 59
5 67 57 57
5 68 34 34
5 69 71 71
5 70 34 34
5 71 5 5
5 72 14 14
5 73 94 94
5 74 83 83
5 75 15 15
5 76 98 98
5 77 18 18
5 78 63 63
5 79 51 51
5 80 25 25
6 6 0 0
6 7 73 73
6 8 13 13
6 9 27 27
6 10 79 79
6 11 30 30
6 12 90 90
6 13 1 1
6 14 63 63
6 15 31 31
6 16 84 84
6 17 48 48
6 18 64 64
6 19 72 72
6 20 81 81
6 21 65 65
6 22 85 85
6 23 93 93
6 24 75 75
6 25 54 54
6 26 19 19
6 27 90 90
6 28 80 80
6 29 80 80
6 30 83 83
6 31 51 51
6 32 65 65
6 33 10 10
6 34 18 18
6 35 34 34
6 36 73 73
6 37 41 41
6 38 92 92
6 39 96 96
6 40 40 40
6 41 40 40
6 42 16 16
6 43 66 66
6 44 63 63
6 45 44 44
6 46 9 9
6 47 25 25
6 48 71 71
6 49 65 65
6 50 45 45
6 51 48 48
6 52 44 44
6 53 60 60
6 54 62 62
6 55 80 80
6 56 52 52
6 57 40 40
6 58 39 39
6 59 84 84
6 60 81 81
6 61 64 64
6 62 51 51
6 63 43 43
6 64 76 76
6 65 18 18
6 66 37 37
6 67 67 67
6 68 62 62
6 69 24 24
6 70 62 62
6 71 95 95
6 72 81 81
6 73 27 27
6 74 27 27
6 75 83 83
6 76 35 35
6 77 80 80
6 78 78 78
6 79 49 49
6 80 78 78
7 7 0 0
7 8 81 81
7 9 94 94
7 10 57 57
7 11 72 72
7 12 16 16
7 13 74 74
7 14 70 70
7 15 51 51
7 16 46 46
7 17 27 27
7 18 15 15
7 19 5 5
7 20 16 16
7 21 28 28
7 22 23 23
7 23 21 21
7 24 22 22
7 25 70 70
7 26 63 63
7 27 17 17
7 28 31 31
7 29 20 20
7 30 25 25
7 31 28 28
7 32 72 72
7 33 84 84
7 34 91 91
7 35 83 83
7 36 18 18
7 37 54 54
7 38 21 21
7 39 23 23
7 40 48 48
7 41 36 36
7 42 68 68
7 43 20 20
7 44 60 60
7 45 44 44
7 46 69 69
7 47 85 85
7 48 51 51
7 49 66 66
7 50 74 74
7 51 41 41
7 52 68 68
7 53 43 43
7 54 60 60
7 55 27 27
7 56 61 61
7 57 55 55
7 58 65 65
7 59 12 12
7 60 53 53
7 61 13 13
7 62 46 46
7 63 42 42
7 64 52 52
7 65 82 82
7 66 36 36
7 67 50 50
7 68 14 14
7 69 49 49
7 70 12 12
7 71 24 24
7 72 10 10
7 73 75 75
7 74 65 65
7 75 10 10
7 76 75 75
7 77 17 17
7 78 47 47
7 79 28 28
7 80 10 10
8 8 0 0
8 9 33 33
8 10 92 92
8 11 24 24
8 12 97 97
8 13 13 13
8 14 58 58
8 15 43 43
8 16 96 96
8 17 55 55
8 18 73 73
8 19 79 79
8 20 87 87
8 21 76 76
8 22 95 95
8 23 102 102
8 24 79 79
8 25 66 66
8 26 32 32
8 27 98 98
8 28 90 90
8 29 86 86
8 30 87 87
8 31 61 61
8 32 60 60
8 33 9 9
8 34 18 18
8 35 45 45
8 36 78 78
8 37 54 54
8 38 101 101
8 39 104 104
8 40 52 52
8 41 46 46
8 42 15 15
8 43 71 71
8 44 75 75
8 45 56 56
8 46 22 22
8 47 34 34
8 48 71 71
8 49 61 61
8 50 57 57
8 51 60 60
8 52 39 39
8 53 61 61
8 54 74 74
8 55 90 90
8 56 65 65
8 57 52 52
8 58 52 52
8 59 93 93
8 60 93 93
8 61 70 70
8 62 63 63
8 63 55 55
8 64 88 88
8 65 27 27
8 66 45 45
8 67 67 67
8 68 68 68
8 69 33 33
8 70 69 69
8 71 101 101
8 72 88 88
8 73 19 19
8 74 24 24
8 75 91 91
8 76 47 47
8 77 86 86
8 78 90 90
8 79 59 59
8 80 87 87
9 9 0 0
9 10 83 83
9 11 56 56
9 12 110 110
9 13 26 26
9 14 89 89
9 15 44 44
9 16 92 92
9 17 71 71
9 18 81 81
9 19 94 94
9 20 103 103
9 21 78 78
9 22 100 100
9 23 111 111
9 24 99 99
9 25 50 50
9 26 31 31
9 27 111 111
9 28 92 92
9 29 104 104
9 30 107 107
9 31 67 67
9 32 91 91
9 33 23 23
9 34 16 16
9 35 21 21
9 36 96 96
9 37 48 48
9 38 110 110
9 39 115 115
9 40 50 50
9 41 64 64
9 42 43 43
9 43 90 90
9 44 64 64
9 45 55 55
9 46 26 26
9 47 10 10
9 48 98 98
9 49 92 92
9 50 39 39
9 51 59 59
9 52 70 70
9 53 87 87
9 54 63 63
9 55 94 94
9 56 53 53
9 57 46 46
9 58 40 40
9 59 103 103
9 60 86 86
9 61 86 86
9 62 59 59
9 63 56 56
9 64 81 81
9 65 12 12
9 66 59 59
9 67 94 94
9 68 84 84
9 69 47 47
9 70 83 83
9 71 117 117
9 72 103 103
9 73 51 51
9 74 54 54
9 75 103 103
9 76 28 28
9 77 103 103
9 78 85 85
9 79 66 66
9 80 96 96
10 10 0 0
10 11 98 98
10 12 65 65
10 13 79 79
10 14 113 113
10 15 49 49
10 16 16 16
10 17 63 63
10 18 44 44
10 19 61 61
10 20 72 72
10 21 30 30
10 22 41 41
10 23 57 57
10 24 78 78
10 25 35 35
10 26 60 60
10 27 66 66
10 28 28 28
10 29 77 77
10 30 82 82
10 31 42 42
10 32 115 115
10 33 88 88
10 34 90 90
10 35 63 63
10 36 73 73
10 37 38 38
10 38 56 56
10 39 64 64
10 40 40 40
10 41 68 68
10 42 85 85
10 43 72 72
10 44 19 19
10 45 37 37
10 46 70 70
10 47 73 73
10 48 102 102
10 49 111 111
10 50 46 46
10 51 34 34
10 52 103 103
10 53 91 91
10 54 20 20
10 55 33 33
10 56 30 30
10 57 40 40
10 58 44 44
10 59 56 56
10 60 5 5
10 61 63 63
10 62 29 29
10 63 39 39
10 64 5 5
10 65 75 75
10 66 59 59
10 67 99 99
10 68 62 62
10 69 64 64
10 70 56 56
10 71 77 77
10 72 66 66
10 73 98 98
10 74 90 90
10 75 60 60
10 76 55 55
10 77 74 74
10 78 11 11
10 79 45 45
10 80 49 49
11 11 0 0
11 12 87 87
11 13 31 31
11 14 34 34
11 15 50 50
11 16 98 98
11 17 46 46
11 18 68 68
11 19 69 69
11 20 73 73
11 21 76 76
11 22 90 90
11 23 93 93
11 24 64 64
11 25 79 79
11 26 45 45
11 27 87 87
11 28 89 89
11 29 71 71
11 30 71 71
11 31 60 60
11 32 36 36
11 33 33 33
11 34 42 42
11 35 64 64
11 36 64 64
11 37 63 63
11 38 93 93
11 39 94 94
11 40 59 59
11 41 36 36
11 42 15 15
11 43 58 58
11 44 85 85
11 45 61 61
11 46 37 37
11 47 56 56
11 48 49 49
11 49 38 38
11 50 73 73
11 51 64 64
11 52 15 15
11 53 42 42
11 54 84 84
11 55 88 88
11 56 75 75
11 57 62 62
11 58 65 65
11 59 84 84
11 60 98 98
11 61 59 59
11 62 69 69
11 63 59 59
11 64 94 94
11 65 48 48
11 66 41 41
11 67 45 45
11 68 58 58
11 69 34 34
11 70 61 61
11 71 88 88
11 72 77 77
11 73 5 5
11 74 8 8
11 75 81 81
11 76 64 64
11 77 72 72
11 78 93 93
11 79 56 56
11 80 80 80
12 12 0 0
12 13 90 90
12 14 80 80
12 15 67 67
12 16 51 51
12 17 43 43
12 18 30 30
12 19 18 18
12 20 16 16
12 21 40 40
12 22 24 24
12 23 11 11
12 24 27 27
12 25 83 83
12 26 79 79
12 27 1 1
12 28 37 37
12 29 21 21
12 30 26 26
12 31 44 44
12 32 81 81
12 33 100 100
12 34 107 107
12 35 98 98
12 36 25 25
12 37 68 68
12 38 12 12
12 39 8 8
12 40 63 63
12 41 52 52
12 42 83 83
12 43 30 30
12 44 72 72
12 45 59 59
12 46 85 85
12 47 101 101
12 48 58 58
12 49 76 76
12 50 88 88
12 51 56 56
12 52 81 81
12 53 53 53
12 54 72 72
12 55 32 32
12 56 74 74
12 57 70 70
12 58 80 80
12 59 9 9
12 60 60 60
12 61 27 27
12 62 59 59
12 63 57 57
12 64 60 60
12 65 98 98
12 66 53 53
12 67 58 58
12 68 29 29
12 69 65 65
12 70 28 28
12 71 13 13
12 72 10 10
12 73 90 90
12 74 79 79
12 75 6 6
12 76 90 90
12 77 19 19
12 78 54 54
12 79 44 44
12 80 16 16
13 13 0 0
13 14 64 64
13 15 31 31
13 16 84 84
13 17 49 49
13 18 64 64
13 19 73 73
13 20 81 81
13 21 66 66
13 22 85 85
13 23 93 93
13 24 75 75
13 25 53 53
13 26 19 19
13 27 91 91
13 28 80 80
13 29 81 81
13 30 83 83
13 31 51 51
13 32 66 66
13 33 10 10
13 34 17 17
13 35 33 33
13 36 73 73
13 37 41 41
13 38 93 93
13 39 97 97
13 40 40 40
13 41 41 41
13 42 17 17
13 43 67 67
13 44 63 63
13 45 44 44
13 46 9 9
13 47 24 24
13 48 72 72
13 49 66 66
13 50 45 45
13 51 48 48
13 52 45 45
13 53 61 61
13 54 62 62
13 55 80 80
13 56 52 52
13 57 39 39
13 58 39 39
13 59 85 85
13 60 81 81
13 61 64 64
13 62 51 51
13 63 44 44
13 64 76 76
13 65 17 17
13 66 38 38
13 67 68 68
13 68 62 62
13 69 25 25
13 70 62 62
13 71 95 95
13 72 82 82
13 73 28 28
13 74 28 28
13 75 84 84
13 76 34 34
13 77 81 81
13 78 78 78
13 79 49 49
13 80 79 79
14 14 0 0
14 15 73 73
14 16 109 109
14 17 51 51
14 18 73 73
14 19 66 66
14 20 64 64
14 21 86 86
14 22 93 93
14 23 90 90
14 24 53 53
14 25 104 104
14 26 72 72
14 27 80 80
14 28 97 97
14 29 60 60
14 30 57 57
14 31 71 71
14 32 2 2
14 33 67 67
14 34 76 76
14 35 95 95
14 36 55 55
14 37 85 85
14 38 90 90
14 39 88 88
14 40 79 79
14 41 45 45
14 42 47 47
14 43 51 51
14 44 105 105
14 45 80 80
14 46 68 68
14 47 88 88
14 48 25 25
14 49 6 6
14 50 100 100
14 51 81 81
14 52 19 19
14 53 27 27
14 54 104 104
14 55 94 94
14 56 98 98
14 57 85 85
14 58 91 91
14 59 81 81
14 60 112 112
14 61 58 58
14 62 87 87
14 63 77 77
14 64 108 108
14 65 80 80
14 66 55 55
14 67 23 23
14 68 57 57
14 69 55 55
14 70 62 62
14 71 76 76
14 72 70 70
14 73 39 39
14 74 36 36
14 75 77 77
14 76 92 92
14 77 62 62
14 78 106 106
14 79 68 68
14 80 80 80
15 15 0 0
15 16 53 53
15 17 33 33
15 18 38 38
15 19 51 51
15 20 62 62
15 21 35 35
15 22 56 56
15 23 67 67
15 24 60 60
15 25 31 31
15 26 13 13
15 27 67 67
15 28 49 49
15 29 64 64
15 30 68 68
15 31 23 23
15 32 75 75
15 33 41 41
15 34 45 45
15 35 32 32
15 36 57 57
15 37 13 13
15 38 66 66
15 39 72 72
15 40 9 9
15 41 31 31
15 42 37 37
15 43 52 52
15 44 34 34
15 45 13 13
15 46 23 23
15 47 35 35
15 48 70 70
15 49 73 73
15 50 29 29
15 51 17 17
15 52 58 58
15 53 58 58
15 54 34 34
15 55 51 51
15 56 25 25
15 57 12 12
15 58 19 19
15 59 60 60
15 60 50 50
15 61 45 45
15 62 20 20
15 63 13 13
15 64 45 45
15 65 32 32
15 66 21 21
15 67 66 66
15 68 43 43
15 69 18 18
15 70 41 41
15 71 75 75
15 72 60 60
15 73 50 50
15 74 43 43
15 75 60 60
15 76 25 25
15 77 63 63
15 78 47 47
15 79 23 23
15 80 52 52
16 16 0 0
16 17 58 58
16 18 36 36
16 19 51 51
16 20 61 61
16 21 23 23
16 22 27 27
16 23 42 42
16 24 68 68
16 25 48 48
16 26 66 66
16 27 52 52
16 28 15 15
16 29 66 66
16 30 71 71
16 31 39 39
16 32 111 111
16 33 94 94
16 34 97 97
16 35 74 74
16 36 63 63
16 37 45 45
16 38 41 41
16 39 49 49
16 40 44 44
16 41 65 65
16 42 87 87
16 43 64 64
16 44 32 32
16 45 40 40
16 46 76 76
16 47 82 82
16 48 94 94
16 49 106 106
16 50 57 57
16 51 36 36
16 52 101 101
16 53 84 84
16 54 33 33
16 55 20 20
16 56 40 40
16 57 47 47
16 58 53 53
16 59 42 42
16 60 10 10
16 61 54 54
16 62 34 34
16 63 41 41
16 64 14 14
16 65 83 83
16 66 57 57
16 67 92 92
16 68 54 54
16 69 65 65
16 70 48 48
16 71 64 64
16 72 54 54
16 73 99 99
16 74 90 90
16 75 48 48
16 76 65 65
16 77 63 63
16 78 7 7
16 79 42 42
16 80 37 37
17 17 0 0
17 18 24 24
17 19 25 25
17 20 33 33
17 21 35 35
17 22 45 45
17 23 48 48
17 24 28 28
17 25 61 61
17 26 41 41
17 27 43 43
17 28 46 46
17 29 33 33
17 30 36 36
17 31 21 21
17 32 53 53
17 33 58 58
17 34 66 66
17 35 65 65
17 36 25 25
17 37 42 42
17 38 48 48
17 39 50 50
17 40 35 35
17 41 9 9
17 42 41 41
17 43 19 19
17 44 57 57
17 45 34 34
17 46 45 45
17 47 64 64
17 48 40 40
17 49 48 48
17 50 61 61
17 51 34 34
17 52 44 44
17 53 28 28
17 54 57 57
17 55 44 44
17 56 53 53
17 57 42 42
17 58 51 51
17 59 39 39
17 60 61 61
17 61 16 16
17 62 39 39
17 63 31 31
17 64 58 58
17 65 59 59
17 66 13 13
17 67 37 37
17 68 14 14
17 69 24 24
17 70 16 16
17 71 47 47
17 72 34 34
17 73 49 49
17 74 38 38
17 75 37 37
17 76 58 58
17 77 32 32
17 78 55 55
17 79 18 18
17 80 34 34
18 18 0 0
18 19 18 18
18 20 30 30
18 21 15 15
18 22 22 22
18 23 30 30
18 24 34 34
18 25 55 55
18 26 50 50
18 27 30 30
18 28 23 23
18 29 34 34
18 30 39 39
18 31 14 14
18 32 75 75
18 33 74 74
18 34 80 80
18 35 69 69
18 36 29 29
18 37 39 39
18 38 29 29
18 39 34 34
18 40 33 33
18 41 32 32
18 42 61 61
18 43 28 28
18 44 45 45
18 45 30 30
18 46 57 57
18 47 72 72
18 48 58 58
18 49 70 70
18 50 59 59
18 51 26 26
18 52 67 67
18 53 48 48
18 54 45 45
18 55 21 21
18 56 45 45
18 57 41 41
18 58 50 50
18 59 22 22
18 60 41 41
18 61 19 19
18 62 30 30
18 63 27 27
18 64 39 39
18 65 69 69
18 66 28 28
18 67 56 56
18 68 18 18
18 69 40 40
18 70 12 12
18 71 39 39
18 72 25 25
18 73 70 70
18 74 60 60
18 75 23 23
18 76 61 61
18 77 31 31
18 78 35 35
18 79 15 15
18 80 15 15
19 19 0 0
19 20 12 12
19 21 32 32
19 22 28 28
19 23 25 25
19 24 17 17
19 25 72 72
19 26 63 63
19 27 18 18
19 28 36 36
19 29 16 16
19 30 21 21
19 31 30 30
19 32 67 67
19 33 82 82
19 34 90 90
19 35 84 84
19 36 13 13
19 37 56 56
19 38 25 25
19 39 25 25
19 40 49 49
19 41 34 34
19 42 65 65
19 43 15 15
19 44 63 63
19 45 46 46
19 46 68 68
19 47 85 85
19 48 46 46
19 49 61 61
19 50 76 76
19 51 43 43
19 52 64 64
19 53 38 38
19 54 63 63
19 55 32 32
19 56 63 63
19 57 57 57
19 58 66 66
19 59 16 16
19 60 58 58
19 61 9 9
19 62 48 48
19 63 43 43
19 64 56 56
19 65 81 81
19 66 35 35
19 67 45 45
19 68 11 11
19 69 48 48
19 70 11 11
19 71 23 23
19 72 9 9
19 73 72 72
19 74 62 62
19 75 12 12
19 76 76 76
19 77 13 13
19 78 51 51
19 79 29 29
19 80 15 15
20 20 0 0
20 21 44 44
20 22 36 36
20 23 27 27
20 24 11 11
20 25 84 84
20 26 73 73
20 27 16 16
20 28 46 46
20 29 5 5
20 30 11 11
20 31 42 42
20 32 65 65
20 33 91 91
20 34 98 98
20 35 95 95
20 36 9 9
20 37 67 67
20 38 28 28
20 39 24 24
20 40 61 61
20 41 41 41
20 42 72 72
20 43 16 16
20 44 75 75
20 45 58 58
20 46 77 77
20 47 96 96
20 48 41 41
20 49 59 59
20 50 88 88
20 51 55 55
20 52 66 66
20 53 37 37
20 54 75 75
20 55 41 41
20 56 75 75
20 57 69 69
20 58 78 78
20 59 21 21
20 60 69 69
20 61 17 17
20 62 60 60
20 63 55 55
20 64 68 68
20 65 91 91
20 66 45 45
20 67 41 41
20 68 20 20
20 69 57 57
20 70 22 22
20 71 14 14
20 72 8 8
20 73 77 77
20 74 67 67
20 75 15 15
20 76 88 88
20 77 2 2
20 78 62 62
20 79 40 40
20 80 24 24
21 21 0 0
21 22 22 22
21 23 36 36
21 24 48 48
21 25 44 44
21 26 49 49
21 27 41 41
21 28 14 14
21 29 48 48
21 30 53 53
21 31 16 16
21 32 88 88
21 33 75 75
21 34 80 80
21 35 63 63
21 36 44 44
21 37 32 32
21 38 35 35
21 39 42 42
21 40 28 28
21 41 42 42
21 42 66 66
21 43 43 43
21 44 32 32
21 45 24 24
21 46 58 58
21 47 69 69
21 48 72 72
21 49 83 83
21 50 50 50
21 51 19 19
21 52 77 77
21 53 62 62
21 54 32 32
21 55 15 15
21 56 35 35
21 57 34 34
21 58 43 43
21 59 31 31
21 60 27 27
21 61 33 33
21 62 21 21
21 63 23 23
21 64 25 25
21 65 67 67
21 66 35 35
21 67 70 70
21 68 32 32
21 69 44 44
21 70 27 27
21 71 51 51
21 72 38 38
21 73 77 77
21 74 68 68
21 75 34 34
21 76 54 54
21 77 45 45
21 78 21 21
21 79 19 19
21 80 23 23
22 22 0 0
22 23 16 16
22 24 45 45
22 25 64 64
22 26 70 70
22 27 25 25
22 28 13 13
22 29 41 41
22 30 47 47
22 31 34 34
22 32 94 94
22 33 95 95
22 34 101 101
22 35 85 85
22 36 41 41
22 37 54 54
22 38 15 15
22 39 23 23
22 40 50 50
22 41 54 54
22 42 83 83
22 43 43 43
22 44 51 51
22 45 45 45
22 46 78 78
22 47 90 90
22 48 74 74
22 49 89 89
22 50 72 72
22 51 41 41
22 52 89 89
22 53 66 66
22 54 51 51
22 55 8 8
22 56 56 56
22 57 56 56
22 58 65 65
22 59 16 16
22 60 36 36
22 61 35 35
22 62 43 43
22 63 44 44
22 64 37 37
22 65 88 88
22 66 50 50
22 67 73 73
22 68 35 35
22 69 62 62
22 70 31 31
22 71 37 37
22 72 28 28
22 73 93 93
22 74 82 82
22 75 22 22
22 76 76 76
22 77 38 38
22 78 30 30
22 79 36 36
22 80 13 13
23 23 0 0
23 24 38 38
23 25 79 79
23 26 80 80
23 27 12 12
23 28 29 29
23 29 32 32
23 30 37 37
23 31 44 44
23 32 91 91
23 33 103 103
23 34 110 110
23 35 98 98
23 36 35 35
23 37 67 67
23 38 1 1
23 39 7 7
23 40 62 62
23 41 58 58
23 42 88 88
23 43 39 39
23 44 66 66
23 45 58 58
23 46 87 87
23 47 102 102
23 48 68 68
23 49 86 86
23 50 86 86
23 51 54 54
23 52 89 89
23 53 63 63
23 54 67 67
23 55 24 24
23 56 70 70
23 57 69 69
23 58 78 78
23 59 9 9
23 60 52 52
23 61 34 34
23 62 56 56
23 63 56 56
23 64 53 53
23 65 99 99
23 66 56 56
23 67 68 68
23 68 36 36
23 69 69 69
23 70 33 33
23 71 23 23
23 72 20 20
23 73 97 97
23 74 86 86
23 75 13 13
23 76 89 89
23 77 30 30
23 78 46 46
23 79 45 45
23 80 15 15
24 24 0 0
24 25 85 85
24 26 69 69
24 27 27 27
24 28 53 53
24 29 7 7
24 30 8 8
24 31 42 42
24 32 54 54
24 33 84 84
24 34 92 92
24 35 92 92
24 36 4 4
24 37 67 67
24 38 38 38
24 39 35 35
24 40 60 60
24 41 35 35
24 42 64 64
24 43 9 9
24 44 78 78
24 45 58 58
24 46 72 72
24 47 92 92
24 48 30 30
24 49 48 48
24 50 87 87
24 51 56 56
24 52 56 56
24 53 26 26
24 54 78 78
24 55 49 49
24 56 76 76
24 57 68 68
24 58 77 77
24 59 30 30
24 60 74 74
24 61 16 16
24 62 62 62
24 63 55 55
24 64 73 73
24 65 87 87
24 66 40 40
24 67 30 30
24 68 18 18
24 69 52 52
24 70 23 23
24 71 24 24
24 72 18 18
24 73 69 69
24 74 58 58
24 75 25 25
24 76 86 86
24 77 9 9
24 78 68 68
24 79 40 40
24 80 32 32
25 25 0 0
25 26 35 35
25 27 84 84
25 28 53 53
25 29 87 87
25 30 92 92
25 31 43 43
25 32 106 106
25 33 60 60
25 34 60 60
25 35 29 29
25 36 81 81
25 37 19 19
25 38 78 78
25 39 85 85
25 40 26 26
25 41 61 61
25 42 65 65
25 43 77 77
25 44 16 16
25 45 27 27
25 46 44 44
25 47 40 40
25 48 100 100
25 49 104 104
25 50 11 11
25 51 29 29
25 52 89 89
25 53 88 88
25 54 15 15
25 55 56 56
25 56 9 9
25 57 19 19
25 58 14 14
25 59 74 74
25 60 39 39
25 61 69 69
25 62 24 24
25 63 30 30
25 64 34 34
25 65 44 44
25 66 51 51
25 67 97 97
25 68 67 67
25 69 49 49
25 70 63 63
25 71 94 94
25 72 80 80
25 73 78 78
25 74 73 73
25 75 77 77
25 76 22 22
25 77 85 85
25 78 40 40
25 79 45 45
25 80 67 67
26 26 0 0
26 27 80 80
26 28 63 63
26 29 74 74
26 30 77 77
26 31 36 36
26 32 74 74
26 33 28 28
26 34 32 32
26 35 24 24
26 36 66 66
26 37 22 22
26 38 79 79
26 39 84 84
26 40 22 22
26 41 36 36
26 42 30 30
26 43 61 61
26 44 43 43
26 45 26 26
26 46 10 10
26 47 23 23
26 48 74 74
26 49 73 73
26 50 28 28
26 51 30 30
26 52 55 55
26 53 62 62
26 54 42 42
26 55 64 64
26 56 33 33
26 57 20 20
26 58 21 21
26 59 72 72
26 60 62 62
26 61 55 55
26 62 32 32
26 63 26 26
26 64 57 57
26 65 19 19
26 66 29 29
26 67 70 70
26 68 53 53
26 69 19 19
26 70 52 52
26 71 86 86
26 72 72 72
26 73 43 43
26 74 39 39
26 75 72 72
26 76 20 20
26 77 73 73
26 78 59 59
26 79 35 35
26 80 65 65
27 27 0 0
27 28 38 38
27 29 21 21
27 30 25 25
27 31 44 44
27 32 81 81
27 33 100 100
27 34 108 108
27 35 99 99
27 36 25 25
27 37 69 69
27 38 13 13
27 39 8 8
27 40 64 64
27 41 52 52
27 42 84 84
27 43 30 30
27 44 73 73
27 45 60 60
27 46 86 86
27 47 102 102
27 48 57 57
27 49 75 75
27 50 89 89
27 51 56 56
27 52 81 81
27 53 53 53
27 54 73 73
27 55 33 33
27 56 75 75
27 57 71 71
27 58 81 81
27 59 10 10
27 60 61 61
27 61 28 28
27 62 60 60
27 63 58 58
27 64 61 61
27 65 98 98
27 66 53 53
27 67 58 58
27 68 30 30
27 69 66 66
27 70 28 28
27 71 12 12
27 72 10 10
27 73 91 91
27 74 80 80
27 75 7 7
27 76 91 91
27 77 18 18
27 78 55 55
27 79 44 44
27 80 17 17
28 28 0 0
28 29 51 51
28 30 57 57
28 31 30 30
28 32 98 98
28 33 90 90
28 34 94 94
28 35 75 75
28 36 49 49
28 37 44 44
28 38 28 28
28 39 36 36
28 40 42 42
28 41 54 54
28 42 80 80
28 43 50 50
28 44 38 38
28 45 37 37
28 46 72 72
28 47 82 82
28 48 80 80
28 49 94 94
28 50 61 61
28 51 33 33
28 52 90 90
28 53 71 71
28 54 39 39
28 55 5 5
28 56 44 44
28 57 47 47
28 58 55 55
28 59 28 28
28 60 23 23
28 61 41 41
28 62 33 33
28 63 37 37
28 64 24 24
28 65 81 81
28 66 48 48
28 67 79 79
28 68 40 40
28 69 58 58
28 70 35 35
28 71 49 49
28 72 39 39
28 73 91 91
28 74 81 81
28 75 33 33
28 76 67 67
28 77 48 48
28 78 17 17
28 79 33 33
28 80 22 22
29 29 0 0
29 30 6 6
29 31 44 44
29 32 61 61
29 33 90 90
29 34 98 98
29 35 96 96
29 36 8 8
29 37 70 70
29 38 33 33
29 39 29 29
29 40 63 63
29 41 40 40
29 42 71 71
29 43 14 14
29 44 79 79
29 45 60 60
29 46 78 78
29 47 97 97
29 48 37 37
29 49 55 55
29 50 90 90
29 51 58 58
29 52 63 63
29 53 33 33
29 54 79 79
29 55 46 46
29 56 78 78
29 57 71 71
29 58 80 80
29 59 26 26
29 60 73 73
29 61 19 19
29 62 63 63
29 63 57 57
29 64 72 72
29 65 92 92
29 66 45 45
29 67 37 37
29 68 21 21
29 69 57 57
29 70 24 24
29 71 17 17
29 72 13 13
29 73 75 75
29 74 65 65
29 75 20 20
29 76 89 89
29 77 3 3
29 78 66 66
29 79 42 42
29 80 29 29
30 30 0 0
30 31 49 49
30 32 58 58
30 33 92 92
30 34 100 100
30 35 100 100
30 36 11 11
30 37 74 74
30 38 38 38
30 39 33 33
30 40 67 67
30 41 43 43
30 42 72 72
30 43 17 17
30 44 84 84
30 45 65 65
30 46 81 81
30 47 100 100
30 48 33 33
30 49 52 52
30 50 95 95
30 51 63 63
30 52 62 62
30 53 32 32
30 54 84 84
30 55 52 52
30 56 83 83
30 57 75 75
30 58 85 85
30 59 31 31
30 60 79 79
30 61 23 23
30 62 68 68
30 63 62 62
30 64 78 78
30 65 95 95
30 66 48 48
30 67 34 34
30 68 25 25
30 69 60 60
30 70 29 29
30 71 19 19
30 72 18 18
30 73 76 76
30 74 65 65
30 75 25 25
30 76 93 93
30 77 9 9
30 78 72 72
30 79 47 47
30 80 34 34
31 31 0 0
31 32 73 73
31 33 61 61
31 34 67 67
31 35 55 55
31 36 38 38
31 37 26 26
31 38 43 43
31 39 48 48
31 40 19 19
31 41 26 26
31 42 50 50
31 43 35 35
31 44 37 37
31 45 16 16
31 46 44 44
31 47 58 58
31 48 61 61
31 49 69 69
31 50 46 46
31 51 14 14
31 52 62 62
31 53 49 49
31 54 36 36
31 55 30 30
31 56 34 34
31 57 27 27
31 58 37 37
31 59 36 36
31 60 40 40
31 61 26 26
31 62 19 19
31 63 14 14
31 64 37 37
31 65 55 55
31 66 18 18
31 67 58 58
31 68 24 24
31 69 28 28
31 70 20 20
31 71 53 53
31 72 38 38
31 73 61 61
31 74 52 52
31 75 37 37
31 76 47 47
31 77 42 42
31 78 35 35
31 79 4 4
31 80 29 29
32 32 0 0
32 33 69 69
32 34 78 78
32 35 97 97
32 36 56 56
32 37 87 87
32 38 91 91
32 39 89 89
32 40 81 81
32 41 47 47
32 42 49 49
32 43 52 52
32 44 107 107
32 45 82 82
32 46 70 70
32 47 90 90
32 48 26 26
32 49 6 6
32 50 102 102
32 51 83 83
32 52 21 21
32 53 29 29
32 54 106 106
32 55 95 95
32 56 100 100
32 57 87 87
32 58 93 93
32 59 83 83
32 60 114 114
32 61 59 59
32 62 89 89
32 63 79 79
32 64 110 110
32 65 83 83
32 66 57 57
32 67 24 24
32 68 59 59
32 69 57 57
32 70 64 64
32 71 77 77
32 72 72 72
32 73 41 41
32 74 38 38
32 75 78 78
32 76 95 95
32 77 63 63
32 78 108 108
32 79 70 70
32 80 82 82
33 33 0 0
33 34 9 9
33 35 36 36
33 36 82 82
33 37 50 50
33 38 103 103
33 39 106 106
33 40 49 49
33 41 50 50
33 42 22 22
33 43 76 76
33 44 71 71
33 45 54 54
33 46 18 18
33 47 25 25
33 48 78 78
33 49 70 70
33 50 51 51
33 51 58 58
33 52 48 48
33 53 68 68
33 54 70 70
33 55 90 90
33 56 60 60
33 57 48 48
33 58 46 46
33 59 95 95
33 60 90 90
33 61 74 74
33 62 60 60
33 63 53 53
33 64 85 85
33 65 18 18
33 66 47 47
33 67 74 74
33 68 72 72
33 69 34 34
33 70 72 72
33 71 105 105
33 72 91 91
33 73 28 28
33 74 32 32
33 75 94 94
33 76 39 39
33 77 90 90
33 78 87 87
33 79 59 59
33 80 88 88
34 34 0 0
34 35 33 33
34 36 90 90
34 37 53 53
34 38 109 109
34 39 113 113
34 40 53 53
34 41 58 58
34 42 31 31
34 43 84 84
34 44 72 72
34 45 58 58
34 46 23 23
34 47 21 21
34 48 88 88
34 49 79 79
34 50 49 49
34 51 62 62
34 52 57 57
34 53 77 77
34 54 71 71
34 55 95 95
34 56 61 61
34 57 50 50
34 58 47 47
34 59 101 101
34 60 93 93
34 61 81 81
34 62 64 64
34 63 58 58
34 64 88 88
34 65 16 16
34 66 54 54
34 67 84 84
34 68 79 79
34 69 42 42
34 70 79 79
34 71 112 112
34 72 99 99
34 73 37 37
34 74 42 42
34 75 101 101
34 76 38 38
34 77 98 98
34 78 91 91
34 79 65 65
34 80 95 95
35 35 0 0
35 36 89 89
35 37 31 31
35 38 97 97
35 39 103 103
35 40 36 36
35 41 60 60
35 42 49 49
35 43 84 84
35 44 44 44
35 45 40 40
35 46 27 27
35 47 12 12
35 48 98 98
35 49 96 96
35 50 18 18
35 51 44 44
35 52 77 77
35 53 86 86
35 54 43 43
35 55 78 78
35 56 34 34
35 57 29 29
35 58 21 21
35 59 91 91
35 60 67 67
35 61 77 77
35 62 43 43
35 63 42 42
35 64 62 62
35 65 18 18
35 66 52 52
35 67 94 94
35 68 75 75
35 69 43 43
35 70 73 73
35 71 107 107
35 72 93 93
35 73 61 61
35 74 60 60
35 75 92 92
35 76 9 9
35 77 95 95
35 78 67 67
35 79 55 55
35 80 83 83
36 36 0 0
36 37 63 63
36 38 35 35
36 39 33 33
36 40 56 56
36 41 33 33
36 42 63 63
36 43 6 6
36 44 74 74
36 45 54 54
36 46 70 70
36 47 89 89
36 48 34 34
36 49 51 51
36 50 83 83
36 51 52 52
36 52 57 57
36 53 28 28
36 54 74 74
36 55 45 45
36 56 72 72
36 57 64 64
36 58 74 74
36 59 27 27
36 60 70 70
36 61 12 12
36 62 57 57
36 63 51 51
36 64 68 68
36 65 84 84
36 66 38 38
36 67 33 33
36 68 14 14
36 69 49 49
36 70 18 18
36 71 24 24
36 72 15 15
36 73 68 68
36 74 57 57
36 75 22 22
36 76 82 82
36 77 8 8
36 78 63 63
36 79 36 36
36 80 28 28
37 37 0 0
37 38 66 66
37 39 72 72
37 40 7 7
37 41 42 42
37 42 49 49
37 43 59 59
37 44 22 22
37 45 9 9
37 46 32 32
37 47 38 38
37 48 81 81
37 49 85 85
37 50 20 20
37 51 13 13
37 52 71 71
37 53 68 68
37 54 21 21
37 55 47 47
37 56 13 13
37 57 2 2
37 58 11 11
37 59 60 60
37 60 40 40
37 61 51 51
37 62 12 12
37 63 12 12
37 64 35 35
37 65 38 38
37 66 31 31
37 67 77 77
37 68 49 49
37 69 30 30
37 70 46 46
37 71 78 78
37 72 64 64
37 73 62 62
37 74 56 56
37 75 62 62
37 76 23 23
37 77 68 68
37 78 38 38
37 79 27 27
37 80 53 53
38 38 0 0
38 39 8 8
38 40 61 61
38 41 57 57
38 42 88 88
38 43 39 39
38 44 66 66
38 45 57 57
38 46 87 87
38 47 101 101
38 48 69 69
38 49 86 86
38 50 85 85
38 51 53 53
38 52 89 89
38 53 63 63
38 54 66 66
38 55 23 23
38 56 69 69
38 57 68 68
38 58 77 77
38 59 9 9
38 60 51 51
38 61 34 34
38 62 56 56
38 63 55 55
38 64 52 52
38 65 98 98
38 66 56 56
38 67 68 68
38 68 35 35
38 69 68 68
38 70 32 32
38 71 24 24
38 72 20 20
38 73 96 96
38 74 86 86
38 75 13 13
38 76 89 89
38 77 30 30
38 78 45 45
38 79 44 44
38 80 14 14
39 39 0 0
39 40 67 67
39 41 59 59
39 42 90 90
39 43 38 38
39 44 73 73
39 45 63 63
39 46 91 91
39 47 106 106
39 48 66 66
39 49 83 83
39 50 92 92
39 51 59 59
39 52 89 89
39 53 61 61
39 54 73 73
39 55 31 31
39 56 76 76
39 57 74 74
39 58 83 83
39 59 12 12
39 60 59 59
39 61 35 35
39 62 62 62
39 63 61 61
39 64 60 60
39 65 103 103
39 66 59 59
39 67 66 66
39 68 36 36
39 69 72 72
39 70 34 34
39 71 17 17
39 72 18 18
39 73 98 98
39 74 87 87
39 75 13 13
39 76 95 95
39 77 26 26
39 78 53 53
39 79 49 49
39 80 19 19
40 40 0 0
40 41 35 35
40 42 46 46
40 43 52 52
40 44 26 26
40 45 4 4
40 46 31 31
40 47 41 41
40 48 74 74
40 49 78 78
40 50 27 27
40 51 9 9
40 52 65 65
40 53 61 61
40 54 26 26
40 55 43 43
40 56 19 19
40 57 8 8
40 58 17 17
40 59 55 55
40 60 41 41
40 61 44 44
40 62 11 11
40 63 6 6
40 64 36 36
40 65 39 39
40 66 25 25
40 67 70 70
40 68 42 42
40 69 25 25
40 70 39 39
40 71 72 72
40 72 58 58
40 73 58 58
40 74 51 51
40 75 56 56
40 76 28 28
40 77 61 61
40 78 38 38
40 79 20 20
40 80 47 47
41 41 0 0
41 42 31 31
41 43 26 26
41 44 60 60
41 45 35 35
41 46 38 38
41 47 58 58
41 48 39 39
41 49 44 44
41 50 59 59
41 51 36 36
41 52 36 36
41 53 27 27
41 54 59 59
41 55 52 52
41 56 54 54
41 57 42 42
41 58 49 49
41 59 48 48
41 60 67 67
41 61 25 25
41 62 42 42
41 63 32 32
41 64 63 63
41 65 53 53
41 66 10 10
41 67 36 36
41 68 23 23
41 69 18 18
41 70 25 25
41 71 55 55
41 72 43 43
41 73 39 39
41 74 28 28
41 75 46 46
41 76 55 55
41 77 40 40
41 78 61 61
41 79 23 23
41 80 44 44
42 42 0 0
42 43 57 57
42 44 71 71
42 45 49 49
42 46 22 22
42 47 41 41
42 48 57 57
42 49 49 49
42 50 58 58
42 51 52 52
42 52 28 28
42 53 47 47
42 54 70 70
42 55 80 80
42 56 61 61
42 57 48 48
42 58 50 50
42 59 79 79
42 60 86 86
42 61 56 56
42 62 56 56
42 63 47 47
42 64 81 81
42 65 34 34
42 66 33 33
42 67 52 52
42 68 54 54
42 69 22 22
42 70 56 56
42 71 86 86
42 72 74 74
42 73 13 13
42 74 11 11
42 75 77 77
42 76 49 49
42 77 71 71
42 78 82 82
42 79 47 47
42 80 74 74
43 43 0 0
43 44 71 71
43 45 50 50
43 46 64 64
43 47 83 83
43 48 31 31
43 49 47 47
43 50 79 79
43 51 49 49
43 52 51 51
43 53 24 24
43 54 71 71
43 55 46 46
43 56 69 69
43 57 60 60
43 58 69 69
43 59 31 31
43 60 69 69
43 61 9 9
43 62 54 54
43 63 47 47
43 64 67 67
43 65 78 78
43 66 32 32
43 67 30 30
43 68 11 11
43 69 43 43
43 70 16 16
43 71 30 30
43 72 20 20
43 73 62 62
43 74 51 51
43 75 26 26
43 76 77 77
43 77 14 14
43 78 63 63
43 79 32 32
43 80 30 30
44 44 0 0
44 45 25 25
44 46 53 53
44 47 54 54
44 48 97 97
44 49 104 104
44 50 26 26
44 51 24 24
44 52 92 92
44 53 85 85
44 54 1 1
44 55 43 43
44 56 11 11
44 57 23 23
44 58 25 25
44 59 63 63
44 60 23 23
44 61 62 62
44 62 18 18
44 63 28 28
44 64 19 19
44 65 56 56
44 66 50 50
44 67 94 94
44 68 60 60
44 69 52 52
44 70 56 56
44 71 83 83
44 72 70 70
44 73 84 84
44 74 77 77
44 75 66 66
44 76 36 36
44 77 77 77
44 78 25 25
44 79 40 40
44 80 55 55
45 45 0 0
45 46 36 36
45 47 45 45
45 48 73 73
45 49 79 79
45 50 30 30
45 51 4 4
45 52 67 67
45 53 61 61
45 54 24 24
45 55 39 39
45 56 19 19
45 57 11 11
45 58 21 21
45 59 51 51
45 60 37 37
45 61 42 42
45 62 8 8
45 63 3 3
45 64 33 33
45 65 44 44
45 66 25 25
45 67 70 70
45 68 40 40
45 69 28 28
45 70 36 36
45 71 69 69
45 72 54 54
45 73 61 61
45 74 54 54
45 75 53 53
45 76 32 32
45 77 59 59
45 78 34 34
45 79 18 18
45 80 44 44
46 46 0 0
46 47 21 21
46 48 73 73
46 49 69 69
46 50 36 36
46 51 40 40
46 52 50 50
46 53 62 62
46 54 52 52
46 55 73 73
46 56 43 43
46 57 30 30
46 58 30 30
46 59 79 79
46 60 72 72
46 61 60 60
46 62 42 42
46 63 35 35
46 64 67 67
46 65 15 15
46 66 33 33
46 67 69 69
46 68 58 58
46 69 21 21
46 70 57 57
46 71 91 91
46 72 77 77
46 73 35 35
46 74 33 33
46 75 79 79
46 76 26 26
46 77 77 77
46 78 69 69
46 79 42 42
46 80 72 72
47 47 0 0
47 48 94 94
47 49 90 90
47 50 29 29
47 51 49 49
47 52 69 69
47 53 82 82
47 54 53 53
47 55 84 84
47 56 43 43
47 57 35 35
47 58 29 29
47 59 94 94
47 60 76 76
47 61 78 78
47 62 49 49
47 63 46 46
47 64 71 71
47 65 8 8
47 66 51 51
47 67 90 90
47 68 76 76
47 69 41 41
47 70 75 75
47 71 109 109
47 72 95 95
47 73 52 52
47 74 52 52
47 75 95 95
47 76 18 18
47 77 96 96
47 78 75 75
47 79 58 58
47 80 87 87
48 48 0 0
48 49 20 20
48 50 99 99
48 51 73 73
48 52 36 36
48 53 12 12
48 54 97 97
48 55 77 77
48 56 92 92
48 57 81 81
48 58 89 89
48 59 61 61
48 60 99 99
48 61 40 40
48 62 79 79
48 63 70 70
48 64 97 97
48 65 87 87
48 66 49 49
48 67 4 4
48 68 40 40
48 69 55 55
48 70 46 46
48 71 52 52
48 72 48 48
48 73 55 55
48 74 47 47
48 75 55 55
48 76 94 94
48 77 39 39
48 78 93 93
48 79 57 57
48 80 61 61
49 49 0 0
49 50 100 100
49 51 80 80
49 52 23 23
49 53 23 23
49 54 103 103
49 55 90 90
49 56 97 97
49 57 84 84
49 58 91 91
49 59 77 77
49 60 110 110
49 61 54 54
49 62 86 86
49 63 76 76
49 64 106 106
49 65 83 83
49 66 54 54
49 67 18 18
49 68 54 54
49 69 55 55
49 70 59 59
49 71 71 71
49 72 66 66
49 73 43 43
49 74 38 38
49 75 72 72
49 76 93 93
49 77 57 57
49 78 104 104
49 79 66 66
49 80 76 76
50 50 0 0
50 51 33 33
50 52 83 83
50 53 86 86
50 54 25 25
50 55 64 64
50 56 17 17
50 57 19 19
50 58 10 10
50 59 80 80
50 60 50 50
50 61 71 71
50 62 30 30
50 63 33 33
50 64 45 45
50 65 33 33
50 66 50 50
50 67 95 95
50 68 69 69
50 69 45 45
50 70 66 66
50 71 98 98
50 72 84 84
50 73 71 71
50 74 67 67
50 75 82 82
50 76 11 11
50 77 88 88
50 78 50 50
50 79 48 48
50 80 72 72
51 51 0 0
51 52 69 69
51 53 61 61
51 54 23 23
51 55 34 34
51 56 20 20
51 57 15 15
51 58 24 24
51 59 47 47
51 60 34 34
51 61 40 40
51 62 6 6
51 63 5 5
51 64 29 29
51 65 48 48
51 66 26 26
51 67 70 70
51 68 38 38
51 69 31 31
51 70 34 34
51 71 66 66
51 72 51 51
51 73 65 65
51 74 56 56
51 75 49 49
51 76 36 36
51 77 56 56
51 78 30 30
51 79 16 16
51 80 40 40
52 52 0 0
52 53 31 31
52 54 91 91
52 55 88 88
52 56 83 83
52 57 70 70
52 58 75 75
52 59 80 80
52 60 102 102
52 61 55 55
52 62 75 75
52 63 65 65
52 64 98 98
52 65 62 62
52 66 44 44
52 67 33 33
52 68 54 54
52 69 40 40
52 70 58 58
52 71 80 80
52 72 71 71
52 73 20 20
52 74 17 17
52 75 76 76
52 76 75 75
52 77 65 65
52 78 97 97
52 79 58 58
52 80 77 77
53 53 0 0
53 54 85 85
53 55 68 68
53 56 80 80
53 57 69 69
53 58 76 76
53 59 54 54
53 60 88 88
53 61 31 31
53 62 67 67
53 63 58 58
53 64 86 86
53 65 76 76
53 66 37 37
53 67 9 9
53 68 31 31
53 69 43 43
53 70 36 36
53 71 50 50
53 72 43 43
53 73 47 47
53 74 37 37
53 75 49 49
53 76 81 81
53 77 35 35
53 78 82 82
53 79 46 46
53 80 53 53
54 54 0 0
54 55 43 43
54 56 10 10
54 57 22 22
54 58 24 24
54 59 63 63
54 60 24 24
54 61 62 62
54 62 17 17
54 63 27 27
54 64 19 19
54 65 55 55
54 66 49 49
54 67 94 94
54 68 60 60
54 69 51 51
54 70 55 55
54 71 83 83
54 72 70 70
54 73 83 83
54 74 77 77
54 75 66 66
54 76 35 35
54 77 76 76
54 78 25 25
54 79 39 39
54 80 55 55
55 55 0 0
55 56 48 48
55 57 49 49
55 58 57 57
55 59 23 23
55 60 28 28
55 61 37 37
55 62 35 35
55 63 38 38
55 64 29 29
55 65 82 82
55 66 47 47
55 67 75 75
55 68 37 37
55 69 58 58
55 70 31 31
55 71 44 44
55 72 34 34
55 73 90 90
55 74 80 80
55 75 28 28
55 76 69 69
55 77 43 43
55 78 22 22
55 79 32 32
55 80 17 17
56 56 0 0
56 57 14 14
56 58 14 14
56 59 65 65
56 60 33 33
56 61 60 60
56 62 15 15
56 63 22 22
56 64 28 28
56 65 45 45
56 66 43 43
56 67 89 89
56 68 58 58
56 69 43 43
56 70 54 54
56 71 85 85
56 72 71 71
56 73 74 74
56 74 68 68
56 75 68 68
56 76 25 25
56 77 76 76
56 78 33 33
56 79 36 36
56 80 58 58
57 57 0 0
57 58 9 9
57 59 62 62
57 60 42 42
57 61 52 52
57 62 14 14
57 63 14 14
57 64 37 37
57 65 35 35
57 66 32 32
57 67 77 77
57 68 50 50
57 69 30 30
57 70 47 47
57 71 80 80
57 72 65 65
57 73 61 61
57 74 55 55
57 75 64 64
57 76 21 21
57 77 69 69
57 78 40 40
57 79 28 28
57 80 55 55
58 58 0 0
58 59 72 72
58 60 47 47
58 61 62 62
58 62 22 22
58 63 23 23
58 64 42 42
58 65 31 31
58 66 40 40
58 67 85 85
58 68 60 60
58 69 35 35
58 70 56 56
58 71 89 89
58 72 75 75
58 73 63 63
58 74 59 59
58 75 73 73
58 76 12 12
58 77 79 79
58 78 46 46
58 79 38 38
58 80 64 64
59 59 0 0
59 60 51 51
59 61 25 25
59 62 51 51
59 63 49 49
59 64 51 51
59 65 91 91
59 66 48 48
59 67 60 60
59 68 26 26
59 69 60 60
59 70 23 23
59 71 21 21
59 72 13 13
59 73 87 87
59 74 77 77
59 75 6 6
59 76 83 83
59 77 23 23
59 78 45 45
59 79 37 37
59 80 8 8
60 60 0 0
60 61 60 60
60 62 30 30
60 63 39 39
60 64 5 5
60 65 77 77
60 66 58 58
60 67 97 97
60 68 59 59
60 69 65 65
60 70 53 53
60 71 73 73
60 72 62 62
60 73 98 98
60 74 90 90
60 75 56 56
60 76 59 59
60 77 70 70
60 78 7 7
60 79 44 44
60 80 45 45
61 61 0 0
61 62 45 45
61 63 39 39
61 64 58 58
61 65 74 74
61 66 27 27
61 67 38 38
61 68 2 2
61 69 40 40
61 70 7 7
61 71 31 31
61 72 18 18
61 73 63 63
61 74 52 52
61 75 22 22
61 76 71 71
61 77 17 17
61 78 53 53
61 79 24 24
61 80 23 23
62 62 0 0
62 63 10 10
62 64 25 25
62 65 49 49
62 66 32 32
62 67 76 76
62 68 44 44
62 69 35 35
62 70 39 39
62 71 70 70
62 72 56 56
62 73 69 69
62 74 61 61
62 75 53 53
62 76 34 34
62 77 61 61
62 78 27 27
62 79 22 22
62 80 43 43
63 63 0 0
63 64 34 34
63 65 44 44
63 66 22 22
63 67 67 67
63 68 37 37
63 69 26 26
63 70 33 33
63 71 66 66
63 72 52 52
63 73 59 59
63 74 51 51
63 75 51 51
63 76 34 34
63 77 56 56
63 78 35 35
63 79 15 15
63 80 42 42
64 64 0 0
64 65 72 72
64 66 54 54
64 67 94 94
64 68 57 57
64 69 60 60
64 70 51 51
64 71 73 73
64 72 61 61
64 73 94 94
64 74 86 86
64 75 56 56
64 76 53 53
64 77 69 69
64 78 7 7
64 79 41 41
64 80 45 45
65 65 0 0
65 66 47 47
65 67 83 83
65 68 72 72
65 69 35 35
65 70 71 71
65 71 105 105
65 72 91 91
65 73 44 44
65 74 45 45
65 75 91 91
65 76 22 22
65 77 91 91
65 78 76 76
65 79 54 54
65 80 84 84
66 66 0 0
66 67 46 46
66 68 25 25
66 69 13 13
66 70 25 25
66 71 58 58
66 72 45 45
66 73 43 43
66 74 33 33
66 75 46 46
66 76 46 46
66 77 44 44
66 78 53 53
66 79 15 15
66 80 42 42
67 67 0 0
67 68 39 39
67 69 51 51
67 70 44 44
67 71 53 53
67 72 48 48
67 73 51 51
67 74 43 43
67 75 55 55
67 76 90 90
67 77 39 39
67 78 91 91
67 79 55 55
67 80 60 60
68 68 0 0
68 69 38 38
68 70 6 6
68 71 33 33
68 72 20 20
68 73 61 61
68 74 51 51
68 75 23 23
68 76 68 68
68 77 20 20
68 78 52 52
68 79 22 22
68 80 23 23
69 69 0 0
69 70 38 38
69 71 71 71
69 72 57 57
69 73 34 34
69 74 26 26
69 75 59 59
69 76 39 39
69 77 57 57
69 78 60 60
69 79 26 26
69 80 54 54
70 70 0 0
70 71 34 34
70 72 20 20
70 73 64 64
70 74 53 53
70 75 22 22
70 76 66 66
70 77 22 22
70 78 47 47
70 79 18 18
70 80 19 19
71 71 0 0
71 72 14 14
71 73 92 92
71 74 81 81
71 75 17 17
71 76 99 99
71 77 16 16
71 78 66 66
71 79 52 52
71 80 28 28
72 72 0 0
72 73 81 81
72 74 70 70
72 75 7 7
72 76 85 85
72 77 10 10
72 78 55 55
72 79 38 38
72 80 17 17
73 73 0 0
73 74 11 11
73 75 85 85
73 76 61 61
73 77 76 76
73 78 94 94
73 79 58 58
73 80 83 83
74 74 0 0
74 75 74 74
74 76 58 58
74 77 66 66
74 78 85 85
74 79 48 48
74 80 72 72
75 75 0 0
75 76 84 84
75 77 17 17
75 78 49 49
75 79 37 37
75 80 11 11
76 76 0 0
76 77 88 88
76 78 58 58
76 79 48 48
76 80 75 75
77 77 0 0
77 78 64 64
77 79 41 41
77 80 26 26
78 78 0 0
78 79 38 38
78 80 39 39
79 79 0 0
79 80 30 30
80 80 0 0