40
15
20
4
9
10
16
39
6
18
21
25
31
36
37
1 1 0 0
1 2 44 44
1 3 52 52
1 4 41 41
1 5 63 63
1 6 48 48
1 7 49 49
1 8 63 63
1 9 77 77
1 10 13 13
1 11 44 44
1 12 38 38
1 13 84 84
1 14 88 88
1 15 45 45
1 16 11 11
1 17 24 24
1 18 72 72
1 19 84 84
1 20 50 50
1 21 55 55
1 22 38 38
1 23 30 30
1 24 20 20
1 25 51 51
1 26 41 41
1 27 81 81
1 28 37 37
1 29 41 41
1 30 66 66
1 31 41 41
1 32 51 51
1 33 62 62
1 34 83 83
1 35 71 71
1 36 34 34
1 37 71 71
1 38 18 18
1 39 71 71
1 40 27 27
2 2 0 0
2 3 33 33
2 4 46 46
2 5 21 21
2 6 55 55
2 7 8 8
2 8 19 19
2 9 45 45
2 10 51 51
2 11 67 67
2 12 30 30
2 13 42 42
2 14 44 44
2 15 71 71
2 16 49 49
2 17 46 46
2 18 40 40
2 19 42 42
2 20 7 7
2 21 12 12
2 22 35 35
2 23 50 50
2 24 33 33
2 25 47 47
2 26 6 6
2 27 56 56
2 28 23 23
2 29 22 22
2 30 37 37
2 31 41 41
2 32 14 14
2 33 18 18
2 34 49 49
2 35 31 31
2 36 10 10
2 37 47 47
2 38 29 29
2 39 44 44
2 40 19 19
3 3 0 0
3 4 23 23
3 5 30 30
3 6 83 83
3 7 27 27
3 8 45 45
3 9 77 77
3 10 64 64
3 11 49 49
3 12 14 14
3 13 67 67
3 14 64 64
3 15 53 53
3 16 49 49
3 17 37 37
3 18 22 22
3 19 66 66
3 20 38 38
3 21 30 30
3 22 64 64
3 23 72 72
3 24 32 32
3 25 77 77
3 26 28 28
3 27 29 29
3 28 53 53
3 29 13 13
3 30 15 15
3 31 70 70
3 32 46 46
3 33 34 34
3 34 33 33
3 35 59 59
3 36 34 34
3 37 19 19
3 38 48 48
3 39 76 76
3 40 42 42
4 4 0 0
4 5 51 51
4 6 83 83
4 7 43 43
4 8 63 63
4 9 91 91
4 10 54 54
4 11 26 26
4 12 16 16
4 13 86 86
4 14 84 84
4 15 30 30
4 16 34 34
4 17 19 19
4 18 44 44
4 19 85 85
4 20 52 52
4 21 48 48
4 22 67 67
4 23 68 68
4 24 24 24
4 25 81 81
4 26 40 40
4 27 46 46
4 28 58 58
4 29 25 25
4 30 37 37
4 31 72 72
4 32 59 59
4 33 54 54
4 34 55 55
4 35 76 76
4 36 41 41
4 37 37 37
4 38 46 46
4 39 88 88
4 40 44 44
5 5 0 0
5 6 75 75
5 7 15 15
5 8 19 19
5 9 52 52
5 10 72 72
5 11 76 76
5 12 36 36
5 13 38 38
5 14 34 34
5 15 80 80
5 16 65 65
5 17 59 59
5 18 24 24
5 19 36 36
5 20 21 21
5 21 9 9
5 22 56 56
5 23 71 71
5 24 48 48
5 25 65 65
5 26 23 23
5 27 41 41
5 28 44 44
5 29 27 27
5 30 24 24
5 31 62 62
5 32 27 27
5 33 6 6
5 34 30 30
5 35 32 32
5 36 30 30
5 37 35 35
5 38 50 50
5 39 54 54
5 40 40 40
6 6 0 0
6 7 62 62
6 8 62 62
6 9 52 52
6 10 39 39
6 11 92 92
6 12 72 72
6 13 71 71
6 14 80 80
6 15 93 93
6 16 59 59
6 17 70 70
6 18 95 95
6 19 74 74
6 20 54 54
6 21 66 66
6 22 19 19
6 23 19 19
6 24 59 59
6 25 13 13
6 26 57 57
6 27 110 110
6 28 31 31
6 29 69 69
6 30 91 91
6 31 13 13
6 32 49 49
6 33 70 70
6 34 103 103
6 35 60 60
6 36 50 50
6 37 100 100
6 38 37 37
6 39 43 43
6 40 41 41
7 7 0 0
7 8 19 19
7 9 49 49
7 10 57 57
7 11 67 67
7 12 28 28
7 13 42 42
7 14 42 42
7 15 70 70
7 16 52 52
7 17 47 47
7 18 33 33
7 19 42 42
7 20 11 11
7 21 6 6
7 22 43 43
7 23 57 57
7 24 35 35
7 25 54 54
7 26 8 8
7 27 48 48
7 28 31 31
7 29 19 19
7 30 30 30
7 31 49 49
7 32 19 19
7 33 13 13
7 34 41 41
7 35 33 33
7 36 16 16
7 37 40 40
7 38 36 36
7 39 49 49
7 40 26 26
8 8 0 0
8 9 33 33
8 10 68 68
8 11 86 86
8 12 47 47
8 13 23 23
8 14 25 25
8 15 89 89
8 16 68 68
8 17 65 65
8 18 43 43
8 19 23 23
8 20 13 13
8 21 15 15
8 22 44 44
8 23 62 62
8 24 52 52
8 25 50 50
8 26 24 24
8 27 60 60
8 28 33 33
8 29 38 38
8 30 43 43
8 31 49 49
8 32 14 14
8 33 13 13
8 34 48 48
8 35 14 14
8 36 29 29
8 37 54 54
8 38 46 46
8 39 35 35
8 40 36 36
9 9 0 0
9 10 77 77
9 11 111 111
9 12 75 75
9 13 24 24
9 14 35 35
9 15 114 114
9 16 86 86
9 17 88 88
9 18 76 76
9 19 28 28
9 20 39 39
9 21 47 47
9 22 43 43
9 23 62 62
9 24 74 74
9 25 39 39
9 26 51 51
9 27 93 93
9 28 40 40
9 29 67 67
9 30 76 76
9 31 44 44
9 32 32 32
9 33 46 46
9 34 80 80
9 35 21 21
9 36 51 51
9 37 87 87
9 38 59 59
9 39 9 9
9 40 52 52
10 10 0 0
10 11 55 55
10 12 50 50
10 13 87 87
10 14 93 93
10 15 56 56
10 16 23 23
10 17 37 37
10 18 83 83
10 19 88 88
10 20 56 56
10 21 63 63
10 22 35 35
10 23 21 21
10 24 33 33
10 25 45 45
10 26 49 49
10 27 93 93
10 28 38 38
10 29 52 52
10 30 77 77
10 31 36 36
10 32 55 55
10 33 70 70
10 34 94 94
10 35 75 75
10 36 42 42
10 37 83 83
10 38 22 22
10 39 70 70
10 40 32 32
11 11 0 0
11 12 40 40
11 13 109 109
11 14 109 109
11 15 4 4
11 16 33 33
11 17 23 23
11 18 70 70
11 19 108 108
11 20 74 74
11 21 72 72
11 22 79 79
11 23 74 74
11 24 37 37
11 25 93 93
11 26 62 62
11 27 69 69
11 28 74 74
11 29 49 49
11 30 63 63
11 31 83 83
11 32 80 80
11 33 78 78
11 34 80 80
11 35 98 98
11 36 60 60
11 37 61 61
11 38 57 57
11 39 107 107
11 40 59 59
12 12 0 0
12 13 70 70
12 14 69 69
12 15 44 44
12 16 35 35
12 17 24 24
12 18 36 36
12 19 69 69
12 20 37 37
12 21 33 33
12 22 55 55
12 23 60 60
12 24 18 18
12 25 69 69
12 26 24 24
12 27 43 43
12 28 45 45
12 29 9 9
12 30 29 29
12 31 60 60
12 32 43 43
12 33 39 39
12 34 47 47
12 35 60 60
12 36 26 26
12 37 33 33
12 38 36 36
12 39 73 73
12 40 32 32
13 13 0 0
13 14 11 11
13 15 113 113
13 16 90 90
13 17 89 89
13 18 60 60
13 19 4 4
13 20 35 35
13 21 38 38
13 22 57 57
13 23 77 77
13 24 75 75
13 25 58 58
13 26 48 48
13 27 77 77
13 28 49 49
13 29 61 61
13 30 62 62
13 31 60 60
13 32 32 32
13 33 33 33
13 34 61 61
13 35 12 12
13 36 51 51
13 37 73 73
13 38 66 66
13 39 32 32
13 40 57 57
14 14 0 0
14 15 112 112
14 16 93 93
14 17 90 90
14 18 53 53
14 19 8 8
14 20 38 38
14 21 37 37
14 22 65 65
14 23 84 84
14 24 76 76
14 25 68 68
14 26 49 49
14 27 69 69
14 28 56 56
14 29 60 60
14 30 56 56
14 31 69 69
14 32 37 37
14 33 30 30
14 34 53 53
14 35 20 20
14 36 54 54
14 37 66 66
14 38 71 71
14 39 43 43
14 40 61 61
15 15 0 0
15 16 34 34
15 17 26 26
15 18 74 74
15 19 112 112
15 20 78 78
15 21 76 76
15 22 82 82
15 23 75 75
15 24 40 40
15 25 95 95
15 26 65 65
15 27 73 73
15 28 76 76
15 29 53 53
15 30 67 67
15 31 85 85
15 32 83 83
15 33 82 82
15 34 84 84
15 35 102 102
15 36 63 63
15 37 65 65
15 38 59 59
15 39 110 110
15 40 62 62
16 16 0 0
16 17 15 15
16 18 70 70
16 19 90 90
16 20 55 55
16 21 58 58
16 22 49 49
16 23 41 41
16 24 18 18
16 25 62 62
16 26 44 44
16 27 77 77
16 28 46 46
16 29 40 40
16 30 64 64
16 31 52 52
16 32 58 58
16 33 65 65
16 34 81 81
16 35 78 78
16 36 39 39
16 37 68 68
16 38 27 27
16 39 80 80
16 40 34 34
17 17 0 0
17 18 59 59
17 19 88 88
17 20 53 53
17 21 53 53
17 22 57 57
17 23 53 53
17 24 14 14
17 25 71 71
17 26 41 41
17 27 64 64
17 28 51 51
17 29 32 32
17 30 52 52
17 31 61 61
17 32 58 58
17 33 60 60
17 34 70 70
17 35 77 77
17 36 38 38
17 37 55 55
17 38 34 34
17 39 84 84
17 40 37 37
18 18 0 0
18 19 58 58
18 20 43 43
18 21 31 31
18 22 76 76
18 23 88 88
18 24 53 53
18 25 87 87
18 26 38 38
18 27 17 17
18 28 64 64
18 29 31 31
18 30 7 7
18 31 82 82
18 32 50 50
18 33 30 30
18 34 11 11
18 35 56 56
18 36 46 46
18 37 13 13
18 38 64 64
18 39 78 78
18 40 56 56
19 19 0 0
19 20 35 35
19 21 37 37
19 22 59 59
19 23 79 79
19 24 75 75
19 25 61 61
19 26 47 47
19 27 74 74
19 28 51 51
19 29 60 60
19 30 60 60
19 31 63 63
19 32 33 33
19 33 32 32
19 34 58 58
19 35 14 14
19 36 51 51
19 37 70 70
19 38 67 67
19 39 35 35
19 40 58 58
20 20 0 0
20 21 12 12
20 22 36 36
20 23 52 52
20 24 40 40
20 25 45 45
20 26 13 13
20 27 59 59
20 28 24 24
20 29 28 28
20 30 40 40
20 31 41 41
20 32 8 8
20 33 16 16
20 34 50 50
20 35 24 24
20 36 16 16
20 37 51 51
20 38 34 34
20 39 38 38
20 40 24 24
21 21 0 0
21 22 47 47
21 23 62 62
21 24 41 41
21 25 57 57
21 26 14 14
21 27 48 48
21 28 35 35
21 29 23 23
21 30 29 29
21 31 52 52
21 32 19 19
21 33 7 7
21 34 38 38
21 35 29 29
21 36 21 21
21 37 40 40
21 38 41 41
21 39 48 48
21 40 31 31
22 22 0 0
22 23 20 20
22 24 44 44
22 25 14 14
22 26 38 38
22 27 91 91
22 28 12 12
22 29 51 51
22 30 72 72
22 31 6 6
22 32 30 30
22 33 51 51
22 34 84 84
22 35 45 45
22 36 31 31
22 37 81 81
22 38 23 23
22 39 35 35
22 40 23 23
23 23 0 0
23 24 45 45
23 25 26 26
23 26 50 50
23 27 101 101
23 28 29 29
23 29 59 59
23 30 83 83
23 31 18 18
23 32 49 49
23 33 68 68
23 34 97 97
23 35 65 65
23 36 42 42
23 37 91 91
23 38 24 24
23 39 54 54
23 40 32 32
24 24 0 0
24 25 58 58
24 26 28 28
24 27 61 61
24 28 37 37
24 29 22 22
24 30 46 46
24 31 49 49
24 32 44 44
24 33 48 48
24 34 64 64
24 35 63 63
24 36 24 24
24 37 51 51
24 38 22 22
24 39 70 70
24 40 23 23
25 25 0 0
25 26 50 50
25 27 102 102
25 28 24 24
25 29 64 64
25 30 84 84
25 31 10 10
25 32 38 38
25 33 60 60
25 34 95 95
25 35 48 48
25 36 44 44
25 37 94 94
25 38 37 37
25 39 30 30
25 40 37 37
26 26 0 0
26 27 53 53
26 28 26 26
26 29 16 16
26 30 34 34
26 31 44 44
26 32 19 19
26 33 21 21
26 34 48 48
26 35 37 37
26 36 8 8
26 37 44 44
26 38 28 28
26 39 49 49
26 40 18 18
27 27 0 0
27 28 79 79
27 29 42 42
27 30 19 19
27 31 96 96
27 32 67 67
27 33 47 47
27 34 18 18
27 35 73 73
27 36 60 60
27 37 10 10
27 38 76 76
27 39 95 95
27 40 69 69
28 28 0 0
28 29 40 40
28 30 60 60
28 31 18 18
28 32 20 20
28 33 40 40
28 34 72 72
28 35 37 37
28 36 20 20
28 37 70 70
28 38 19 19
28 39 34 34
28 40 15 15
29 29 0 0
29 30 25 25
29 31 57 57
29 32 35 35
29 33 29 29
29 34 42 42
29 35 51 51
29 36 20 20
29 37 32 32
29 38 35 35
29 39 66 66
29 40 28 28
30 30 0 0
30 31 78 78
30 32 48 48
30 33 30 30
30 34 18 18
30 35 56 56
30 36 41 41
30 37 11 11
30 38 59 59
30 39 77 77
30 40 51 51
31 31 0 0
31 32 36 36
31 33 57 57
31 34 90 90
31 35 49 49
31 36 37 37
31 37 87 87
31 38 27 27
31 39 36 36
31 40 29 29
32 32 0 0
32 33 22 22
32 34 57 57
32 35 20 20
32 36 20 20
32 37 59 59
32 38 34 34
32 39 30 30
32 40 25 25
33 33 0 0
33 34 35 35
33 35 26 26
33 36 28 28
33 37 41 41
33 38 48 48
33 39 48 48
33 40 38 38
34 34 0 0
34 35 59 59
34 36 55 55
34 37 20 20
34 38 74 74
34 39 83 83
34 40 66 66
35 35 0 0
35 36 39 39
35 37 67 67
35 38 54 54
35 39 25 25
35 40 45 45
36 36 0 0
36 37 51 51
36 38 20 20
36 39 48 48
36 40 10 10
37 37 0 0
37 38 67 67
37 39 88 88
37 40 60 60
38 38 0 0
38 39 53 53
38 40 10 10
39 39 0 0
39 40 47 47
40 40 0 0