40
15
20
4
6
24
26
39
6
6
9
10
29
35
39
1 1 0 0
1 2 67 67
1 3 80 80
1 4 50 50
1 5 73 73
1 6 69 69
1 7 71 71
1 8 30 30
1 9 59 59
1 10 15 15
1 11 60 60
1 12 19 19
1 13 67 67
1 14 48 48
1 15 74 74
1 16 16 16
1 17 51 51
1 18 12 12
1 19 29 29
1 20 23 23
1 21 38 38
1 22 90 90
1 23 73 73
1 24 76 76
1 25 26 26
1 26 90 90
1 27 10 10
1 28 71 71
1 29 32 32
1 30 31 31
1 31 48 48
1 32 21 21
1 33 27 27
1 34 22 22
1 35 52 52
1 36 30 30
1 37 78 78
1 38 31 31
1 39 50 50
1 40 24 24
2 2 0 0
2 3 62 62
2 4 18 18
2 5 14 14
2 6 61 61
2 7 4 4
2 8 62 62
2 9 60 60
2 10 59 59
2 11 93 93
2 12 49 49
2 13 69 69
2 14 63 63
2 15 71 71
2 16 79 79
2 17 98 98
2 18 61 61
2 19 42 42
2 20 62 62
2 21 48 48
2 22 81 81
2 23 19 19
2 24 9 9
2 25 82 82
2 26 23 23
2 27 77 77
2 28 42 42
2 29 72 72
2 30 82 82
2 31 53 53
2 32 85 85
2 33 72 72
2 34 86 86
2 35 30 30
2 36 43 43
2 37 78 78
2 38 37 37
2 39 35 35
2 40 81 81
3 3 0 0
3 4 56 56
3 5 76 76
3 6 13 13
3 7 62 62
3 8 52 52
3 9 22 22
3 10 84 84
3 11 56 56
3 12 73 73
3 13 22 22
3 14 36 36
3 15 17 17
3 16 80 80
3 17 72 72
3 18 84 84
3 19 77 77
3 20 58 58
3 21 91 91
3 22 19 19
3 23 46 46
3 24 64 64
3 25 74 74
3 26 67 67
3 27 86 86
3 28 20 20
3 29 106 106
3 30 69 69
3 31 32 32
3 32 84 84
3 33 102 102
3 34 86 86
3 35 83 83
3 36 79 79
3 37 22 22
3 38 59 59
3 39 37 37
3 40 75 75
4 4 0 0
4 5 28 28
4 6 52 52
4 7 21 21
4 8 44 44
4 9 48 48
4 10 43 43
4 11 77 77
4 12 32 32
4 13 58 58
4 14 48 48
4 15 62 62
4 16 61 61
4 17 81 81
4 18 45 45
4 19 28 28
4 20 44 44
4 21 38 38
4 22 74 74
4 23 26 26
4 24 27 27
4 25 64 64
4 26 40 40
4 27 60 60
4 28 38 38
4 29 60 60
4 30 64 64
4 31 39 39
4 32 67 67
4 33 58 58
4 34 68 68
4 35 26 26
4 36 29 29
4 37 68 68
4 38 19 19
4 39 22 22
4 40 63 63
5 5 0 0
5 6 75 75
5 7 15 15
5 8 72 72
5 9 74 74
5 10 62 62
5 11 106 106
5 12 54 54
5 13 83 83
5 14 75 75
5 15 85 85
5 16 86 86
5 17 109 109
5 18 65 65
5 19 45 45
5 20 72 72
5 21 47 47
5 22 95 95
5 23 32 32
5 24 15 15
5 25 91 91
5 26 25 25
5 27 83 83
5 28 56 56
5 29 72 72
5 30 92 92
5 31 66 66
5 32 92 92
5 33 73 73
5 34 94 94
5 35 26 26
5 36 46 46
5 37 92 92
5 38 45 45
5 39 48 48
5 40 90 90
6 6 0 0
6 7 62 62
6 8 39 39
6 9 9 9
6 10 74 74
6 11 45 45
6 12 63 63
6 13 11 11
6 14 23 23
6 15 10 10
6 16 67 67
6 17 59 59
6 18 74 74
6 19 68 68
6 20 46 46
6 21 83 83
6 22 23 23
6 23 48 48
6 24 65 65
6 25 61 61
6 26 70 70
6 27 74 74
6 28 22 22
6 29 95 95
6 30 56 56
6 31 21 21
6 32 71 71
6 33 91 91
6 34 73 73
6 35 78 78
6 36 70 70
6 37 17 17
6 38 50 50
6 39 30 30
6 40 62 62
7 7 0 0
7 8 64 64
7 9 61 61
7 10 63 63
7 11 95 95
7 12 53 53
7 13 70 70
7 14 64 64
7 15 72 72
7 16 82 82
7 17 100 100
7 18 65 65
7 19 46 46
7 20 65 65
7 21 52 52
7 22 81 81
7 23 17 17
7 24 5 5
7 25 85 85
7 26 19 19
7 27 81 81
7 28 42 42
7 29 76 76
7 30 85 85
7 31 55 55
7 32 88 88
7 33 76 76
7 34 90 90
7 35 33 33
7 36 47 47
7 37 79 79
7 38 40 40
7 39 37 37
7 40 84 84
8 8 0 0
8 9 30 30
8 10 39 39
8 11 36 36
8 12 32 32
8 13 36 36
8 14 18 18
8 15 44 44
8 16 28 28
8 17 36 36
8 18 38 38
8 19 42 42
8 20 7 7
8 21 56 56
8 22 60 60
8 23 60 60
8 24 69 69
8 25 24 24
8 26 81 81
8 27 34 34
8 28 47 47
8 29 61 61
8 30 22 22
8 31 20 20
8 32 32 32
8 33 56 56
8 34 34 34
8 35 61 61
8 36 44 44
8 37 47 47
8 38 29 29
8 39 31 31
8 40 24 24
9 9 0 0
9 10 65 65
9 11 39 39
9 12 55 55
9 13 10 10
9 14 13 13
9 15 15 15
9 16 58 58
9 17 52 52
9 18 65 65
9 19 61 61
9 20 37 37
9 21 76 76
9 22 31 31
9 23 49 49
9 24 65 65
9 25 52 52
9 26 72 72
9 27 64 64
9 28 26 26
9 29 87 87
9 30 47 47
9 31 12 12
9 32 61 61
9 33 83 83
9 34 63 63
9 35 73 73
9 36 64 64
9 37 21 21
9 38 43 43
9 39 26 26
9 40 52 52
10 10 0 0
10 11 73 73
10 12 12 12
10 13 74 74
10 14 56 56
10 15 80 80
10 16 31 31
10 17 65 65
10 18 3 3
10 19 17 17
10 20 33 33
10 21 23 23
10 22 96 96
10 23 68 68
10 24 68 68
10 25 41 41
10 26 82 82
10 27 24 24
10 28 71 71
10 29 22 22
10 30 45 45
10 31 53 53
10 32 36 36
10 33 18 18
10 34 37 37
10 35 39 39
10 36 17 17
10 37 85 85
10 38 28 28
10 39 50 50
10 40 39 39
11 11 0 0
11 12 68 68
11 13 35 35
11 14 31 31
11 15 40 40
11 16 49 49
11 17 19 19
11 18 71 71
11 19 78 78
11 20 41 41
11 21 92 92
11 22 52 52
11 23 86 86
11 24 100 100
11 25 38 38
11 26 109 109
11 27 59 59
11 28 64 64
11 29 93 93
11 30 31 31
11 31 41 41
11 32 49 49
11 33 87 87
11 34 50 50
11 35 97 97
11 36 80 80
11 37 38 38
11 38 65 65
11 39 59 59
11 40 39 39
12 12 0 0
12 13 64 64
12 14 47 47
12 15 70 70
12 16 33 33
12 17 63 63
12 18 13 13
12 19 11 11
12 20 27 27
12 21 24 24
12 22 86 86
12 23 57 57
12 24 58 58
12 25 41 41
12 26 72 72
12 27 29 29
12 28 60 60
12 29 33 33
12 30 44 44
12 31 43 43
12 32 39 39
12 33 29 29
12 34 40 40
12 35 34 34
12 36 13 13
12 37 76 76
12 38 16 16
12 39 38 38
12 40 39 39
13 13 0 0
13 14 18 18
13 15 8 8
13 16 63 63
13 17 50 50
13 18 73 73
13 19 71 71
13 20 43 43
13 21 86 86
13 22 24 24
13 23 57 57
13 24 74 74
13 25 55 55
13 26 80 80
13 27 70 70
13 28 32 32
13 29 96 96
13 30 50 50
13 31 22 22
13 32 66 66
13 33 91 91
13 34 68 68
13 35 83 83
13 36 73 73
13 37 12 12
13 38 53 53
13 39 36 36
13 40 56 56
14 14 0 0
14 15 26 26
14 16 45 45
14 17 40 40
14 18 55 55
14 19 55 55
14 20 25 25
14 21 70 70
14 22 42 42
14 23 55 55
14 24 69 69
14 25 39 39
14 26 78 78
14 27 52 52
14 28 36 36
14 29 78 78
14 30 34 34
14 31 10 10
14 32 48 48
14 33 73 73
14 34 50 50
14 35 70 70
14 36 57 57
14 37 30 30
14 38 38 38
14 39 28 28
14 40 39 39
15 15 0 0
15 16 70 70
15 17 57 57
15 18 80 80
15 19 76 76
15 20 51 51
15 21 91 91
15 22 16 16
15 23 58 58
15 24 75 75
15 25 63 63
15 26 80 80
15 27 78 78
15 28 31 31
15 29 102 102
15 30 58 58
15 31 27 27
15 32 73 73
15 33 98 98
15 34 75 75
15 35 87 87
15 36 79 79
15 37 7 7
15 38 59 59
15 39 40 40
15 40 64 64
16 16 0 0
16 17 36 36
16 18 28 28
16 19 44 44
16 20 22 22
16 21 54 54
16 22 86 86
16 23 82 82
16 24 88 88
16 25 11 11
16 26 101 101
16 27 10 10
16 28 74 74
16 29 46 46
16 30 17 17
16 31 48 48
16 32 6 6
16 33 40 40
16 34 8 8
16 35 67 67
16 36 45 45
16 37 73 73
16 38 42 42
16 39 55 55
16 40 9 9
17 17 0 0
17 18 63 63
17 19 74 74
17 20 38 38
17 21 87 87
17 22 70 70
17 23 94 94
17 24 105 105
17 25 25 25
17 26 116 116
17 27 47 47
17 28 76 76
17 29 82 82
17 30 20 20
17 31 49 49
17 32 34 34
17 33 76 76
17 34 35 35
17 35 96 96
17 36 76 76
17 37 56 56
17 38 64 64
17 39 65 65
17 40 27 27
18 18 0 0
18 19 20 20
18 20 32 32
18 21 26 26
18 22 96 96
18 23 70 70
18 24 70 70
18 25 38 38
18 26 84 84
18 27 21 21
18 28 72 72
18 29 22 22
18 30 43 43
18 31 53 53
18 32 33 33
18 33 18 18
18 34 34 34
18 35 42 42
18 36 20 20
18 37 85 85
18 38 29 29
18 39 51 51
18 40 36 36
19 19 0 0
19 20 37 37
19 21 15 15
19 22 92 92
19 23 54 54
19 24 51 51
19 25 52 52
19 26 65 65
19 27 39 39
19 28 61 61
19 29 32 32
19 30 55 55
19 31 49 49
19 32 50 50
19 33 30 30
19 34 51 51
19 35 23 23
19 36 2 2
19 37 82 82
19 38 18 18
19 39 40 40
19 40 50 50
20 20 0 0
20 21 51 51
20 22 67 67
20 23 62 62
20 24 70 70
20 25 21 21
20 26 82 82
20 27 28 28
20 28 52 52
20 29 54 54
20 30 21 21
20 31 26 26
20 32 27 27
20 33 49 49
20 34 29 29
20 35 58 58
20 36 39 39
20 37 54 54
20 38 27 27
20 39 34 34
20 40 20 20
21 21 0 0
21 22 106 106
21 23 63 63
21 24 57 57
21 25 63 63
21 26 70 70
21 27 46 46
21 28 74 74
21 29 25 25
21 30 67 67
21 31 64 64
21 32 59 59
21 33 27 27
21 34 60 60
21 35 21 21
21 36 13 13
21 37 97 97
21 38 33 33
21 39 54 54
21 40 61 61
22 22 0 0
22 23 65 65
22 24 83 83
22 25 79 79
22 26 86 86
22 27 94 94
22 28 39 39
22 29 118 118
22 30 73 73
22 31 43 43
22 32 89 89
22 33 114 114
22 34 91 91
22 35 100 100
22 36 94 94
22 37 14 14
22 38 74 74
22 39 53 53
22 40 80 80
23 23 0 0
23 24 18 18
23 25 83 83
23 26 23 23
23 27 83 83
23 28 26 26
23 29 85 85
23 30 81 81
23 31 45 45
23 32 88 88
23 33 84 84
23 34 90 90
23 35 47 47
23 36 55 55
23 37 65 65
23 38 42 42
23 39 29 29
23 40 82 82
24 24 0 0
24 25 91 91
24 26 14 14
24 27 86 86
24 28 44 44
24 29 81 81
24 30 90 90
24 31 59 59
24 32 93 93
24 33 81 81
24 34 95 95
24 35 37 37
24 36 52 52
24 37 82 82
24 38 46 46
24 39 41 41
24 40 90 90
25 25 0 0
25 26 103 103
25 27 22 22
25 28 71 71
25 29 57 57
25 30 6 6
25 31 44 44
25 32 11 11
25 33 51 51
25 34 13 13
25 35 75 75
25 36 53 53
25 37 65 65
25 38 46 46
25 39 55 55
25 40 2 2
26 26 0 0
26 27 100 100
26 28 48 48
26 29 95 95
26 30 102 102
26 31 68 68
26 32 107 107
26 33 95 95
26 34 108 108
26 35 50 50
26 36 66 66
26 37 87 87
26 38 59 59
26 39 51 51
26 40 102 102
27 27 0 0
27 28 78 78
27 29 36 36
27 30 28 28
27 31 54 54
27 32 13 13
27 33 30 30
27 34 14 14
27 35 62 62
27 36 40 40
27 37 81 81
27 38 41 41
27 39 58 58
27 40 20 20
28 28 0 0
28 29 92 92
28 30 68 68
28 31 28 28
28 32 79 79
28 33 89 89
28 34 81 81
28 35 64 64
28 36 63 63
28 37 38 38
28 38 44 44
28 39 21 21
28 40 71 71
29 29 0 0
29 30 63 63
29 31 75 75
29 32 49 49
29 33 6 6
29 34 49 49
29 35 46 46
29 36 30 30
29 37 107 107
29 38 48 48
29 39 70 70
29 40 55 55
30 30 0 0
30 31 40 40
30 32 18 18
30 33 57 57
30 34 19 19
30 35 77 77
30 36 56 56
30 37 59 59
30 38 47 47
30 39 53 53
30 40 8 8
31 31 0 0
31 32 52 52
31 33 71 71
31 34 54 54
31 35 62 62
31 36 51 51
31 37 33 33
31 38 32 32
31 39 18 18
31 40 44 44
32 32 0 0
32 33 43 43
32 34 2 2
32 35 73 73
32 36 51 51
32 37 76 76
32 38 48 48
32 39 61 61
32 40 10 10
33 33 0 0
33 34 43 43
33 35 48 48
33 36 29 29
33 37 102 102
33 38 45 45
33 39 67 67
33 40 49 49
34 34 0 0
34 35 74 74
34 36 52 52
34 37 77 77
34 38 50 50
34 39 63 63
34 40 12 12
35 35 0 0
35 36 23 23
35 37 94 94
35 38 33 33
35 39 48 48
35 40 73 73
36 36 0 0
36 37 85 85
36 38 20 20
36 39 42 42
36 40 51 51
37 37 0 0
37 38 65 65
37 39 46 46
37 40 66 66
38 38 0 0
38 39 23 23
38 40 45 45
39 39 0 0
39 40 54 54
40 40 0 0