40
15
20
4
17
26
28
29
6
18
19
20
27
31
38
1 1 0 0
1 2 61 61
1 3 37 37
1 4 11 11
1 5 65 65
1 6 53 53
1 7 40 40
1 8 85 85
1 9 59 59
1 10 21 21
1 11 64 64
1 12 28 28
1 13 8 8
1 14 63 63
1 15 78 78
1 16 26 26
1 17 24 24
1 18 26 26
1 19 62 62
1 20 23 23
1 21 50 50
1 22 73 73
1 23 55 55
1 24 25 25
1 25 50 50
1 26 64 64
1 27 73 73
1 28 76 76
1 29 29 29
1 30 54 54
1 31 82 82
1 32 60 60
1 33 53 53
1 34 35 35
1 35 38 38
1 36 66 66
1 37 7 7
1 38 80 80
1 39 49 49
1 40 55 55
2 2 0 0
2 3 69 69
2 4 54 54
2 5 57 57
2 6 44 44
2 7 67 67
2 8 79 79
2 9 8 8
2 10 68 68
2 11 51 51
2 12 89 89
2 13 63 63
2 14 5 5
2 15 117 117
2 16 36 36
2 17 82 82
2 18 64 64
2 19 98 98
2 20 40 40
2 21 65 65
2 22 55 55
2 23 48 48
2 24 38 38
2 25 59 59
2 26 14 14
2 27 109 109
2 28 113 113
2 29 57 57
2 30 66 66
2 31 105 105
2 32 82 82
2 33 86 86
2 34 83 83
2 35 34 34
2 36 81 81
2 37 62 62
2 38 113 113
2 39 53 53
2 40 6 6
3 3 0 0
3 4 45 45
3 5 39 39
3 6 35 35
3 7 5 5
3 8 52 52
3 9 63 63
3 10 17 17
3 11 42 42
3 12 52 52
3 13 46 46
3 14 73 73
3 15 48 48
3 16 47 47
3 17 33 33
3 18 11 11
3 19 30 30
3 20 49 49
3 21 17 17
3 22 50 50
3 23 34 34
3 24 37 37
3 25 22 22
3 26 64 64
3 27 41 41
3 28 45 45
3 29 13 13
3 30 21 21
3 31 45 45
3 32 22 22
3 33 18 18
3 34 20 20
3 35 35 35
3 36 30 30
3 37 44 44
3 38 47 47
3 39 25 25
3 40 65 65
4 4 0 0
4 5 68 68
4 6 54 54
4 7 47 47
4 8 89 89
4 9 53 53
4 10 30 30
4 11 66 66
4 12 35 35
4 13 9 9
4 14 55 55
4 15 88 88
4 16 18 18
4 17 34 34
4 18 34 34
4 19 72 72
4 20 14 14
4 21 56 56
4 22 74 74
4 23 57 57
4 24 21 21
4 25 54 54
4 26 59 59
4 27 82 82
4 28 86 86
4 29 34 34
4 30 59 59
4 31 90 90
4 32 67 67
4 33 62 62
4 34 45 45
4 35 37 37
4 36 73 73
4 37 8 8
4 38 89 89
4 39 52 52
4 40 48 48
5 5 0 0
5 6 15 15
5 7 34 34
5 8 23 23
5 9 49 49
5 10 53 53
5 11 6 6
5 12 88 88
5 13 73 73
5 14 62 62
5 15 73 73
5 16 59 59
5 17 71 71
5 18 44 44
5 19 56 56
5 20 63 63
5 21 22 22
5 22 11 11
5 23 11 11
5 24 48 48
5 25 17 17
5 26 45 45
5 27 64 64
5 28 68 68
5 29 38 38
5 30 20 20
5 31 52 52
5 32 35 35
5 33 46 46
5 34 59 59
5 35 34 34
5 36 29 29
5 37 71 71
5 38 65 65
5 39 16 16
5 40 57 57
6 6 0 0
6 7 30 30
6 8 38 38
6 9 36 36
6 10 44 44
6 11 12 12
6 12 78 78
6 13 60 60
6 14 49 49
6 15 77 77
6 16 44 44
6 17 63 63
6 18 36 36
6 19 59 59
6 20 48 48
6 21 23 23
6 22 20 20
6 23 4 4
6 24 34 34
6 25 16 16
6 26 34 34
6 27 69 69
6 28 73 73
6 29 29 29
6 30 23 23
6 31 61 61
6 32 40 40
6 33 48 48
6 34 54 54
6 35 19 19
6 36 37 37
6 37 59 59
6 38 71 71
6 39 11 11
6 40 43 43
7 7 0 0
7 8 47 47
7 9 60 60
7 10 22 22
7 11 36 36
7 12 57 57
7 13 49 49
7 14 71 71
7 15 50 50
7 16 47 47
7 17 38 38
7 18 14 14
7 19 32 32
7 20 49 49
7 21 12 12
7 22 44 44
7 23 29 29
7 24 37 37
7 25 16 16
7 26 60 60
7 27 42 42
7 28 47 47
7 29 13 13
7 30 16 16
7 31 44 44
7 32 20 20
7 33 20 20
7 34 25 25
7 35 33 33
7 36 26 26
7 37 47 47
7 38 47 47
7 39 20 20
7 40 63 63
8 8 0 0
8 9 71 71
8 10 69 69
8 11 28 28
8 12 104 104
8 13 93 93
8 14 84 84
8 15 70 70
8 16 81 81
8 17 86 86
8 18 60 60
8 19 57 57
8 20 85 85
8 21 35 35
8 22 25 25
8 23 34 34
8 24 71 71
8 25 34 34
8 26 66 66
8 27 62 62
8 28 65 65
8 29 56 56
8 30 32 32
8 31 43 43
8 32 38 38
8 33 51 51
8 34 70 70
8 35 57 57
8 36 28 28
8 37 91 91
8 38 60 60
8 39 36 36
8 40 79 79
9 9 0 0
9 10 63 63
9 11 43 43
9 12 87 87
9 13 62 62
9 14 13 13
9 15 110 110
9 16 35 35
9 17 79 79
9 18 58 58
9 19 92 92
9 20 40 40
9 21 57 57
9 22 46 46
9 23 40 40
9 24 35 35
9 25 51 51
9 26 7 7
9 27 102 102
9 28 106 106
9 29 52 52
9 30 58 58
9 31 97 97
9 32 75 75
9 33 80 80
9 34 78 78
9 35 28 28
9 36 73 73
9 37 61 61
9 38 106 106
9 39 45 45
9 40 10 10
10 10 0 0
10 11 54 54
10 12 35 35
10 13 29 29
10 14 71 71
10 15 58 58
10 16 38 38
10 17 18 18
10 18 9 9
10 19 41 41
10 20 38 38
10 21 33 33
10 22 62 62
10 23 45 45
10 24 31 31
10 25 36 36
10 26 66 66
10 27 52 52
10 28 56 56
10 29 15 15
10 30 37 37
10 31 61 61
10 32 39 39
10 33 32 32
10 34 16 16
10 35 36 36
10 36 47 47
10 37 28 28
10 38 59 59
10 39 37 37
10 40 63 63
11 11 0 0
11 12 88 88
11 13 72 72
11 14 56 56
11 15 78 78
11 16 55 55
11 17 72 72
11 18 45 45
11 19 61 61
11 20 60 60
11 21 26 26
11 22 9 9
11 23 9 9
11 24 46 46
11 25 20 20
11 26 39 39
11 27 70 70
11 28 74 74
11 29 39 39
11 30 24 24
11 31 58 58
11 32 40 40
11 33 51 51
11 34 61 61
11 35 30 30
11 36 35 35
11 37 70 70
11 38 71 71
11 39 17 17
11 40 51 51
12 12 0 0
12 13 26 26
12 14 90 90
12 15 76 76
12 16 53 53
12 17 19 19
12 18 44 44
12 19 66 66
12 20 49 49
12 21 69 69
12 22 97 97
12 23 79 79
12 24 53 53
12 25 71 71
12 26 92 92
12 27 74 74
12 28 76 76
12 29 49 49
12 30 72 72
12 31 90 90
12 32 72 72
12 33 61 61
12 34 38 38
12 35 65 65
12 36 81 81
12 37 27 27
12 38 82 82
12 39 72 72
12 40 83 83
13 13 0 0
13 14 64 64
13 15 85 85
13 16 27 27
13 17 28 28
13 18 35 35
13 19 70 70
13 20 23 23
13 21 58 58
13 22 80 80
13 23 62 62
13 24 29 29
13 25 58 58
13 26 67 67
13 27 80 80
13 28 83 83
13 29 37 37
13 30 62 62
13 31 90 90
13 32 68 68
13 33 61 61
13 34 42 42
13 35 44 44
13 36 74 74
13 37 1 1
13 38 87 87
13 39 57 57
13 40 57 57
14 14 0 0
14 15 121 121
14 16 37 37
14 17 84 84
14 18 67 67
14 19 103 103
14 20 41 41
14 21 69 69
14 22 60 60
14 23 53 53
14 24 40 40
14 25 63 63
14 26 19 19
14 27 113 113
14 28 117 117
14 29 61 61
14 30 70 70
14 31 110 110
14 32 87 87
14 33 91 91
14 34 86 86
14 35 38 38
14 36 86 86
14 37 63 63
14 38 118 118
14 39 58 58
14 40 8 8
15 15 0 0
15 16 95 95
15 17 60 60
15 18 57 57
15 19 18 18
15 20 95 95
15 21 54 54
15 22 83 83
15 23 74 74
15 24 85 85
15 25 61 61
15 26 110 110
15 27 9 9
15 28 5 5
15 29 61 61
15 30 55 55
15 31 29 29
15 32 38 38
15 33 30 30
15 34 43 43
15 35 83 83
15 36 45 45
15 37 84 84
15 38 11 11
15 39 66 66
15 40 113 113
16 16 0 0
16 17 48 48
16 18 38 38
16 19 77 77
16 20 5 5
16 21 52 52
16 22 63 63
16 23 47 47
16 24 11 11
16 25 49 49
16 26 41 41
16 27 88 88
16 28 92 92
16 29 35 35
16 30 55 55
16 31 91 91
16 32 67 67
16 33 66 66
16 34 54 54
16 35 25 25
16 36 70 70
16 37 26 26
16 38 94 94
16 39 45 45
16 40 30 30
17 17 0 0
17 18 27 27
17 19 47 47
17 20 46 46
17 21 50 50
17 22 80 80
17 23 63 63
17 24 44 44
17 25 54 54
17 26 82 82
17 27 56 56
17 28 59 59
17 29 33 33
17 30 54 54
17 31 71 71
17 32 52 52
17 33 42 42
17 34 19 19
17 35 53 53
17 36 62 62
17 37 28 28
17 38 64 64
17 39 55 55
17 40 76 76
18 18 0 0
18 19 39 39
18 20 38 38
18 21 25 25
18 22 54 54
18 23 36 36
18 24 28 28
18 25 27 27
18 26 60 60
18 27 50 50
18 28 54 54
18 29 7 7
18 30 29 29
18 31 56 56
18 32 33 33
18 33 28 28
18 34 20 20
18 35 30 30
18 36 40 40
18 37 34 34
18 38 56 56
18 39 28 28
18 40 59 59
19 19 0 0
19 20 78 78
19 21 36 36
19 22 67 67
19 23 56 56
19 24 67 67
19 25 43 43
19 26 92 92
19 27 11 11
19 28 15 15
19 29 43 43
19 30 37 37
19 31 25 25
19 32 21 21
19 33 12 12
19 34 29 29
19 35 64 64
19 36 30 30
19 37 69 69
19 38 17 17
19 39 48 48
19 40 95 95
20 20 0 0
20 21 55 55
20 22 67 67
20 23 51 51
20 24 14 14
20 25 52 52
20 26 46 46
20 27 89 89
20 28 93 93
20 29 36 36
20 30 58 58
20 31 93 93
20 32 69 69
20 33 67 67
20 34 54 54
20 35 29 29
20 36 73 73
20 37 22 22
20 38 95 95
20 39 49 49
20 40 34 34
21 21 0 0
21 22 33 33
21 23 20 20
21 24 41 41
21 25 7 7
21 26 56 56
21 27 46 46
21 28 50 50
21 29 22 22
21 30 4 4
21 31 41 41
21 32 18 18
21 33 25 25
21 34 37 37
21 35 32 32
21 36 18 18
21 37 57 57
21 38 49 49
21 39 12 12
21 40 62 62
22 22 0 0
22 23 18 18
22 24 54 54
22 25 28 28
22 26 41 41
22 27 75 75
22 28 78 78
22 29 48 48
22 30 31 31
22 31 61 61
22 32 46 46
22 33 57 57
22 34 69 69
22 35 38 38
22 36 39 39
22 37 79 79
22 38 75 75
22 39 25 25
22 40 55 55
23 23 0 0
23 24 37 37
23 25 14 14
23 26 38 38
23 27 66 66
23 28 70 70
23 29 30 30
23 30 20 20
23 31 57 57
23 32 37 37
23 33 45 45
23 34 53 53
23 35 23 23
23 36 33 33
23 37 61 61
23 38 68 68
23 39 9 9
23 40 47 47
24 24 0 0
24 25 38 38
24 26 39 39
24 27 78 78
24 28 82 82
24 29 24 24
24 30 44 44
24 31 80 80
24 32 56 56
24 33 56 56
24 34 47 47
24 35 16 16
24 36 59 59
24 37 28 28
24 38 84 84
24 39 35 35
24 40 33 33
25 25 0 0
25 26 50 50
25 27 52 52
25 28 57 57
25 29 22 22
25 30 7 7
25 31 46 46
25 32 24 24
25 33 32 32
25 34 41 41
25 35 27 27
25 36 23 23
25 37 57 57
25 38 55 55
25 39 6 6
25 40 56 56
26 26 0 0
26 27 102 102
26 28 106 106
26 29 53 53
26 30 57 57
26 31 95 95
26 32 74 74
26 33 80 80
26 34 80 80
26 35 30 30
26 36 71 71
26 37 66 66
26 38 105 105
26 39 44 44
26 40 17 17
27 27 0 0
27 28 4 4
27 29 54 54
27 30 46 46
27 31 23 23
27 32 29 29
27 33 23 23
27 34 38 38
27 35 75 75
27 36 36 36
27 37 79 79
27 38 8 8
27 39 58 58
27 40 105 105
28 28 0 0
28 29 58 58
28 30 50 50
28 31 25 25
28 32 33 33
28 33 27 27
28 34 42 42
28 35 79 79
28 36 40 40
28 37 83 83
28 38 7 7
28 39 62 62
28 40 110 110
29 29 0 0
29 30 25 25
29 31 57 57
29 32 33 33
29 33 31 31
29 34 27 27
29 35 24 24
29 36 38 38
29 37 35 35
29 38 60 60
29 39 22 22
29 40 53 53
30 30 0 0
30 31 39 39
30 32 17 17
30 33 26 26
30 34 40 40
30 35 34 34
30 36 16 16
30 37 61 61
30 38 49 49
30 39 13 13
30 40 63 63
31 31 0 0
31 32 24 24
31 33 29 29
31 34 52 52
31 35 73 73
31 36 24 24
31 37 89 89
31 38 18 18
31 39 52 52
31 40 102 102
32 32 0 0
32 33 13 13
32 34 35 35
32 35 49 49
32 36 10 10
32 37 67 67
32 38 31 31
32 39 30 30
32 40 79 79
33 33 0 0
33 34 23 23
33 35 52 52
33 36 24 24
33 37 60 60
33 38 28 28
33 39 37 37
33 40 83 83
34 34 0 0
34 35 50 50
34 36 45 45
34 37 41 41
34 38 46 46
34 39 45 45
34 40 78 78
35 35 0 0
35 36 50 50
35 37 42 42
35 38 80 80
35 39 22 22
35 40 30 30
36 36 0 0
36 37 73 73
36 38 37 37
36 39 28 28
36 40 79 79
37 37 0 0
37 38 86 86
37 39 55 55
37 40 56 56
38 38 0 0
38 39 61 61
38 40 110 110
39 39 0 0
39 40 51 51
40 40 0 0