40
15
20
4
4
9
11
15
6
8
12
17
32
34
36
1 1 0 0
1 2 16 16
1 3 88 88
1 4 23 23
1 5 47 47
1 6 85 85
1 7 69 69
1 8 44 44
1 9 57 57
1 10 76 76
1 11 85 85
1 12 55 55
1 13 8 8
1 14 58 58
1 15 65 65
1 16 50 50
1 17 28 28
1 18 77 77
1 19 36 36
1 20 16 16
1 21 48 48
1 22 71 71
1 23 53 53
1 24 36 36
1 25 36 36
1 26 23 23
1 27 56 56
1 28 81 81
1 29 83 83
1 30 71 71
1 31 55 55
1 32 18 18
1 33 38 38
1 34 63 63
1 35 73 73
1 36 38 38
1 37 36 36
1 38 50 50
1 39 81 81
1 40 34 34
2 2 0 0
2 3 90 90
2 4 7 7
2 5 59 59
2 6 83 83
2 7 60 60
2 8 59 59
2 9 53 53
2 10 88 88
2 11 84 84
2 12 70 70
2 13 15 15
2 14 59 59
2 15 57 57
2 16 43 43
2 17 13 13
2 18 76 76
2 19 38 38
2 20 11 11
2 21 63 63
2 22 68 68
2 23 64 64
2 24 46 46
2 25 52 52
2 26 29 29
2 27 59 59
2 28 75 75
2 29 92 92
2 30 68 68
2 31 57 57
2 32 34 34
2 33 54 54
2 34 69 69
2 35 80 80
2 36 25 25
2 37 43 43
2 38 64 64
2 39 78 78
2 40 50 50
3 3 0 0
3 4 94 94
3 5 64 64
3 6 16 16
3 7 55 55
3 8 82 82
3 9 40 40
3 10 61 61
3 11 15 15
3 12 79 79
3 13 81 81
3 14 31 31
3 15 48 48
3 16 52 52
3 17 98 98
3 18 16 16
3 19 53 53
3 20 79 79
3 21 89 89
3 22 28 28
3 23 55 55
3 24 60 60
3 25 94 94
3 26 65 65
3 27 33 33
3 28 35 35
3 29 47 47
3 30 25 25
3 31 33 33
3 32 88 88
3 33 96 96
3 34 32 32
3 35 37 37
3 36 77 77
3 37 54 54
3 38 73 73
3 39 22 22
3 40 92 92
4 4 0 0
4 5 66 66
4 6 86 86
4 7 60 60
4 8 66 66
4 9 56 56
4 10 95 95
4 11 87 87
4 12 77 77
4 13 22 22
4 14 63 63
4 15 58 58
4 16 45 45
4 17 6 6
4 18 80 80
4 19 43 43
4 20 17 17
4 21 70 70
4 22 71 71
4 23 70 70
4 24 53 53
4 25 59 59
4 26 35 35
4 27 65 65
4 28 77 77
4 29 98 98
4 30 71 71
4 31 62 62
4 32 41 41
4 33 61 61
4 34 74 74
4 35 86 86
4 36 23 23
4 37 49 49
4 38 71 71
4 39 81 81
4 40 57 57
5 5 0 0
5 6 70 70
5 7 78 78
5 8 18 18
5 9 56 56
5 10 30 30
5 11 69 69
5 12 17 17
5 13 44 44
5 14 44 44
5 15 71 71
5 16 59 59
5 17 72 72
5 18 61 61
5 19 36 36
5 20 50 50
5 21 25 25
5 22 62 62
5 23 10 10
5 24 15 15
5 25 32 32
5 26 33 33
5 27 35 35
5 28 76 76
5 29 39 39
5 30 60 60
5 31 39 39
5 32 35 35
5 33 33 33
5 34 32 32
5 35 33 33
5 36 67 67
5 37 24 24
5 38 10 10
5 39 69 69
5 40 31 31
6 6 0 0
6 7 40 40
6 8 87 87
6 9 31 31
6 10 72 72
6 11 1 1
6 12 86 86
6 13 77 77
6 14 28 28
6 15 35 35
6 16 42 42
6 17 90 90
6 18 9 9
6 19 49 49
6 20 73 73
6 21 94 94
6 22 16 16
6 23 62 62
6 24 63 63
6 25 97 97
6 26 63 63
6 27 35 35
6 28 19 19
6 29 60 60
6 30 15 15
6 31 33 33
6 32 89 89
6 33 99 99
6 34 39 39
6 35 48 48
6 36 67 67
6 37 54 54
6 38 80 80
6 39 7 7
6 40 95 95
7 7 0 0
7 8 91 91
7 9 23 23
7 10 94 94
7 11 41 41
7 12 95 95
7 13 61 61
7 14 39 39
7 15 8 8
7 16 21 21
7 17 62 62
7 18 39 39
7 19 43 43
7 20 53 53
7 21 98 98
7 22 28 28
7 23 74 74
7 24 65 65
7 25 94 94
7 26 54 54
7 27 48 48
7 28 23 23
7 29 87 87
7 30 30 30
7 31 43 43
7 32 80 80
7 33 97 97
7 34 59 59
7 35 73 73
7 36 36 36
7 37 55 55
7 38 88 88
7 39 33 33
7 40 92 92
8 8 0 0
8 9 70 70
8 10 41 41
8 11 87 87
8 12 12 12
8 13 44 44
8 14 60 60
8 15 84 84
8 16 71 71
8 17 72 72
8 18 78 78
8 19 48 48
8 20 53 53
8 21 7 7
8 22 79 79
8 23 28 28
8 24 26 26
8 25 16 16
8 26 39 39
8 27 52 52
8 28 92 92
8 29 54 54
8 30 76 76
8 31 55 55
8 32 27 27
8 33 16 16
8 34 50 50
8 35 50 50
8 36 74 74
8 37 37 37
8 38 11 11
8 39 86 86
8 40 16 16
9 9 0 0
9 10 71 71
9 11 31 31
9 12 73 73
9 13 49 49
9 14 16 16
9 15 15 15
9 16 12 12
9 17 60 60
9 18 25 25
9 19 24 24
9 20 43 43
9 21 77 77
9 22 15 15
9 23 51 51
9 24 44 44
9 25 76 76
9 26 37 37
9 27 25 25
9 28 24 24
9 29 65 65
9 30 16 16
9 31 20 20
9 32 64 64
9 33 78 78
9 34 36 36
9 35 51 51
9 36 37 37
9 37 33 33
9 38 66 66
9 39 25 25
9 40 74 74
10 10 0 0
10 11 72 72
10 12 31 31
10 13 73 73
10 14 55 55
10 15 86 86
10 16 78 78
10 17 101 101
10 18 65 65
10 19 59 59
10 20 78 78
10 21 44 44
10 22 72 72
10 23 25 25
10 24 42 42
10 25 57 57
10 26 60 60
10 27 46 46
10 28 85 85
10 29 17 17
10 30 69 69
10 31 51 51
10 32 64 64
10 33 57 57
10 34 36 36
10 35 24 24
10 36 93 93
10 37 48 48
10 38 30 30
10 39 75 75
10 40 57 57
11 11 0 0
11 12 86 86
11 13 77 77
11 14 28 28
11 15 35 35
11 16 43 43
11 17 91 91
11 18 9 9
11 19 49 49
11 20 73 73
11 21 93 93
11 22 16 16
11 23 61 61
11 24 62 62
11 25 97 97
11 26 63 63
11 27 34 34
11 28 20 20
11 29 59 59
11 30 15 15
11 31 32 32
11 32 88 88
11 33 98 98
11 34 38 38
11 35 47 47
11 36 68 68
11 37 54 54
11 38 79 79
11 39 8 8
11 40 95 95
12 12 0 0
12 13 55 55
12 14 61 61
12 15 88 88
12 16 76 76
12 17 83 83
12 18 78 78
12 19 53 53
12 20 63 63
12 21 14 14
12 22 80 80
12 23 25 25
12 24 31 31
12 25 27 27
12 26 47 47
12 27 52 52
12 28 94 94
12 29 45 45
12 30 77 77
12 31 56 56
12 32 39 39
12 33 27 27
12 34 48 48
12 35 45 45
12 36 82 82
12 37 41 41
12 38 8 8
12 39 86 86
12 40 28 28
13 13 0 0
13 14 50 50
13 15 57 57
13 16 42 42
13 17 28 28
13 18 69 69
13 19 28 28
13 20 10 10
13 21 49 49
13 22 63 63
13 23 49 49
13 24 31 31
13 25 39 39
13 26 16 16
13 27 49 49
13 28 72 72
13 29 78 78
13 30 62 62
13 31 48 48
13 32 22 22
13 33 41 41
13 34 56 56
13 35 67 67
13 36 32 32
13 37 30 30
13 38 49 49
13 39 73 73
13 40 37 37
14 14 0 0
14 15 31 31
14 16 26 26
14 17 68 68
14 18 20 20
14 19 22 22
14 20 48 48
14 21 67 67
14 22 18 18
14 23 38 38
14 24 35 35
14 25 69 69
14 26 35 35
14 27 9 9
14 28 32 32
14 29 49 49
14 30 16 16
14 31 5 5
14 32 60 60
14 33 71 71
14 34 20 20
14 35 34 34
14 36 49 49
14 37 26 26
14 38 54 54
14 39 26 26
14 40 67 67
15 15 0 0
15 16 15 15
15 17 61 61
15 18 32 32
15 19 36 36
15 20 49 49
15 21 91 91
15 22 21 21
15 23 66 66
15 24 58 58
15 25 88 88
15 26 48 48
15 27 40 40
15 28 20 20
15 29 79 79
15 30 23 23
15 31 35 35
15 32 75 75
15 33 91 91
15 34 51 51
15 35 65 65
15 36 36 36
15 37 48 48
15 38 81 81
15 39 28 28
15 40 86 86
16 16 0 0
16 17 49 49
16 18 37 37
16 19 23 23
16 20 34 34
16 21 77 77
16 22 27 27
16 23 56 56
16 24 45 45
16 25 74 74
16 26 33 33
16 27 34 34
16 28 32 32
16 29 74 74
16 30 28 28
16 31 29 29
16 32 60 60
16 33 76 76
16 34 45 45
16 35 60 60
16 36 25 25
16 37 35 35
16 38 68 68
16 39 36 36
16 40 72 72
17 17 0 0
17 18 84 84
17 19 48 48
17 20 23 23
17 21 76 76
17 22 75 75
17 23 76 76
17 24 59 59
17 25 64 64
17 26 41 41
17 27 70 70
17 28 80 80
17 29 104 104
17 30 75 75
17 31 67 67
17 32 46 46
17 33 66 66
17 34 80 80
17 35 92 92
17 36 25 25
17 37 54 54
17 38 77 77
17 39 85 85
17 40 62 62
18 18 0 0
18 19 41 41
18 20 65 65
18 21 85 85
18 22 11 11
18 23 53 53
18 24 54 54
18 25 88 88
18 26 54 54
18 27 26 26
18 28 21 21
18 29 54 54
18 30 9 9
18 31 24 24
18 32 80 80
18 33 90 90
18 34 31 31
18 35 41 41
18 36 62 62
18 37 46 46
18 38 71 71
18 39 9 9
18 40 86 86
19 19 0 0
19 20 26 26
19 21 55 55
19 22 36 36
19 23 35 35
19 24 22 22
19 25 52 52
19 26 14 14
19 27 22 22
19 28 48 48
19 29 58 58
19 30 35 35
19 31 20 20
19 32 40 40
19 33 54 54
19 34 32 32
19 35 45 45
19 36 34 34
19 37 12 12
19 38 46 46
19 39 46 46
19 40 50 50
20 20 0 0
20 21 58 58
20 22 58 58
20 23 54 54
20 24 36 36
20 25 49 49
20 26 19 19
20 27 48 48
20 28 66 66
20 29 81 81
20 30 58 58
20 31 46 46
20 32 31 31
20 33 51 51
20 34 57 57
20 35 69 69
20 36 22 22
20 37 32 32
20 38 56 56
20 39 68 68
20 40 47 47
21 21 0 0
21 22 86 86
21 23 34 34
21 24 33 33
21 25 15 15
21 26 46 46
21 27 59 59
21 28 99 99
21 29 58 58
21 30 84 84
21 31 62 62
21 32 30 30
21 33 14 14
21 34 57 57
21 35 56 56
21 36 79 79
21 37 44 44
21 38 16 16
21 39 93 93
21 40 16 16
22 22 0 0
22 23 56 56
22 24 53 53
22 25 87 87
22 26 50 50
22 27 27 27
22 28 14 14
22 29 62 62
22 30 3 3
22 31 23 23
22 32 76 76
22 33 88 88
22 34 36 36
22 35 49 49
22 36 52 52
22 37 43 43
22 38 72 72
22 39 10 10
22 40 85 85
23 23 0 0
23 24 18 18
23 25 42 42
23 26 35 35
23 27 28 28
23 28 70 70
23 29 30 30
23 30 53 53
23 31 33 33
23 32 43 43
23 33 43 43
23 34 23 23
23 35 23 23
23 36 68 68
23 37 24 24
23 38 18 18
23 39 62 62
23 40 41 41
24 24 0 0
24 25 34 34
24 26 18 18
24 27 28 28
24 28 66 66
24 29 47 47
24 30 51 51
24 31 30 30
24 32 29 29
24 33 36 36
24 34 30 30
24 35 37 37
24 36 52 52
24 37 10 10
24 38 24 24
24 39 61 61
24 40 33 33
25 25 0 0
25 26 41 41
25 27 62 62
25 28 99 99
25 29 69 69
25 30 85 85
25 31 64 64
25 32 18 18
25 33 2 2
25 34 63 63
25 35 65 65
25 36 71 71
25 37 43 43
25 38 27 27
25 39 95 95
25 40 2 2
26 26 0 0
26 27 33 33
26 28 61 61
26 29 63 63
26 30 49 49
26 31 32 32
26 32 27 27
26 33 43 43
26 34 40 40
26 35 51 51
26 36 35 35
26 37 14 14
26 38 40 40
26 39 59 59
26 40 38 38
27 27 0 0
27 28 41 41
27 29 41 41
27 30 25 25
27 31 5 5
27 32 55 55
27 33 64 64
27 34 12 12
27 35 26 26
27 36 53 53
27 37 21 21
27 38 45 45
27 39 34 34
27 40 61 61
28 28 0 0
28 29 75 75
28 30 17 17
28 31 37 37
28 32 88 88
28 33 101 101
28 34 49 49
28 35 62 62
28 36 55 55
28 37 56 56
28 38 86 86
28 39 12 12
28 40 97 97
29 29 0 0
29 30 59 59
29 31 45 45
29 32 73 73
29 33 70 70
29 34 29 29
29 35 14 14
29 36 92 92
29 37 50 50
29 38 42 42
29 39 64 64
29 40 69 69
30 30 0 0
30 31 21 21
30 32 75 75
30 33 87 87
30 34 33 33
30 35 46 46
30 36 53 53
30 37 42 42
30 38 70 70
30 39 10 10
30 40 83 83
31 31 0 0
31 32 56 56
31 33 66 66
31 34 16 16
31 35 31 31
31 36 50 50
31 37 22 22
31 38 49 49
31 39 31 31
31 40 63 63
32 32 0 0
32 33 20 20
32 34 59 59
32 35 66 66
32 36 54 54
32 37 35 35
32 38 35 35
32 39 85 85
32 40 16 16
33 33 0 0
33 34 64 64
33 35 66 66
33 36 73 73
33 37 45 45
33 38 28 28
33 39 97 97
33 40 4 4
34 34 0 0
34 35 15 15
34 36 65 65
34 37 27 27
34 38 41 41
34 39 40 40
34 40 61 61
35 35 0 0
35 36 79 79
35 37 38 38
35 38 40 40
35 39 51 51
35 40 64 64
36 36 0 0
36 37 45 45
36 38 75 75
36 39 61 61
36 40 69 69
37 37 0 0
37 38 34 34
37 39 52 52
37 40 41 41
38 38 0 0
38 39 79 79
38 40 27 27
39 39 0 0
39 40 93 93
40 40 0 0