40
15
20
4
2
34
38
39
6
7
15
18
19
24
28
1 1 0 0
1 2 98 98
1 3 15 15
1 4 93 93
1 5 72 72
1 6 55 55
1 7 98 98
1 8 79 79
1 9 39 39
1 10 64 64
1 11 47 47
1 12 68 68
1 13 43 43
1 14 15 15
1 15 20 20
1 16 39 39
1 17 62 62
1 18 66 66
1 19 15 15
1 20 15 15
1 21 26 26
1 22 77 77
1 23 40 40
1 24 39 39
1 25 25 25
1 26 79 79
1 27 84 84
1 28 12 12
1 29 57 57
1 30 86 86
1 31 3 3
1 32 102 102
1 33 67 67
1 34 56 56
1 35 32 32
1 36 34 34
1 37 12 12
1 38 52 52
1 39 63 63
1 40 27 27
2 2 0 0
2 3 103 103
2 4 7 7
2 5 33 33
2 6 83 83
2 7 91 91
2 8 19 19
2 9 67 67
2 10 41 41
2 11 63 63
2 12 34 34
2 13 67 67
2 14 84 84
2 15 84 84
2 16 70 70
2 17 43 43
2 18 103 103
2 19 83 83
2 20 83 83
2 21 109 109
2 22 65 65
2 23 91 91
2 24 118 118
2 25 76 76
2 26 30 30
2 27 17 17
2 28 87 87
2 29 48 48
2 30 62 62
2 31 95 95
2 32 5 5
2 33 38 38
2 34 110 110
2 35 87 87
2 36 71 71
2 37 90 90
2 38 47 47
2 39 36 36
2 40 73 73
3 3 0 0
3 4 97 97
3 5 80 80
3 6 46 46
3 7 89 89
3 8 84 84
3 9 51 51
3 10 72 72
3 11 58 58
3 12 76 76
3 13 55 55
3 14 23 23
3 15 19 19
3 16 51 51
3 17 71 71
3 18 53 53
3 19 25 25
3 20 24 24
3 21 11 11
3 22 71 71
3 23 29 29
3 24 24 24
3 25 27 27
3 26 80 80
3 27 87 87
3 28 23 23
3 29 58 58
3 30 80 80
3 31 16 16
3 32 107 107
3 33 75 75
3 34 42 42
3 35 47 47
3 36 33 33
3 37 26 26
3 38 59 59
3 39 67 67
3 40 30 30
4 4 0 0
4 5 32 32
4 6 76 76
4 7 85 85
4 8 14 14
4 9 64 64
4 10 39 39
4 11 60 60
4 12 31 31
4 13 64 64
4 14 79 79
4 15 78 78
4 16 67 67
4 17 41 41
4 18 96 96
4 19 78 78
4 20 78 78
4 21 103 103
4 22 58 58
4 23 84 84
4 24 111 111
4 25 70 70
4 26 23 23
4 27 11 11
4 28 82 82
4 29 42 42
4 30 56 56
4 31 90 90
4 32 12 12
4 33 36 36
4 34 104 104
4 35 84 84
4 36 65 65
4 37 85 85
4 38 43 43
4 39 31 31
4 40 68 68
5 5 0 0
5 6 75 75
5 7 99 99
5 8 23 23
5 9 36 36
5 10 9 9
5 11 31 31
5 12 5 5
5 13 35 35
5 14 58 58
5 15 62 62
5 16 39 39
5 17 10 10
5 18 96 96
5 19 57 57
5 20 57 57
5 21 88 88
5 22 69 69
5 23 76 76
5 24 99 99
5 25 54 54
5 26 37 37
5 27 29 29
5 28 60 60
5 29 39 39
5 30 71 71
5 31 69 69
5 32 34 34
5 33 5 5
5 34 99 99
5 35 55 55
5 36 52 52
5 37 62 62
5 38 22 22
5 39 20 20
5 40 51 51
6 6 0 0
6 7 43 43
6 8 65 65
6 9 66 66
6 10 71 71
6 11 71 71
6 12 70 70
6 13 70 70
6 14 47 47
6 15 37 37
6 16 68 68
6 17 71 71
6 18 21 21
6 19 50 50
6 20 48 48
6 21 43 43
6 22 29 29
6 23 17 17
6 24 44 44
6 25 37 37
6 26 54 54
6 27 66 66
6 28 52 52
6 29 37 37
6 30 38 38
6 31 53 53
6 32 87 87
6 33 72 72
6 34 28 28
6 35 75 75
6 36 30 30
6 37 58 58
6 38 56 56
6 39 55 55
6 40 38 38
7 7 0 0
7 8 81 81
7 9 103 103
7 10 98 98
7 11 106 106
7 12 94 94
7 13 106 106
7 14 90 90
7 15 80 80
7 16 106 106
7 17 99 99
7 18 42 42
7 19 92 92
7 20 90 90
7 21 85 85
7 22 30 30
7 23 60 60
7 24 82 82
7 25 79 79
7 26 64 64
7 27 77 77
7 28 94 94
7 29 62 62
7 30 29 29
7 31 96 96
7 32 96 96
7 33 98 98
7 34 58 58
7 35 116 116
7 36 69 69
7 37 100 100
7 38 86 86
7 39 79 79
7 40 79 79
8 8 0 0
8 9 51 51
8 10 28 28
8 11 48 48
8 12 21 21
8 13 51 51
8 14 65 65
8 15 65 65
8 16 54 54
8 17 30 30
8 18 86 86
8 19 65 65
8 20 64 64
8 21 90 90
8 22 52 52
8 23 72 72
8 24 98 98
8 25 56 56
8 26 16 16
8 27 7 7
8 28 68 68
8 29 29 29
8 30 52 52
8 31 76 76
8 32 23 23
8 33 26 26
8 34 92 92
8 35 71 71
8 36 51 51
8 37 71 71
8 38 29 29
8 39 17 17
8 40 54 54
9 9 0 0
9 10 28 28
9 11 7 7
9 12 34 34
9 13 4 4
9 14 28 28
9 15 37 37
9 16 3 3
9 17 26 26
9 18 85 85
9 19 26 26
9 20 28 28
9 21 61 61
9 22 75 75
9 23 59 59
9 24 74 74
9 25 31 31
9 26 58 58
9 27 57 57
9 28 28 28
9 29 43 43
9 30 81 81
9 31 37 37
9 32 69 69
9 33 31 31
9 34 82 82
9 35 20 20
9 36 37 37
9 37 28 28
9 38 23 23
9 39 36 36
9 40 29 29
10 10 0 0
10 11 22 22
10 12 7 7
10 13 26 26
10 14 50 50
10 15 55 55
10 16 30 30
10 17 2 2
10 18 92 92
10 19 49 49
10 20 49 49
10 21 81 81
10 22 69 69
10 23 71 71
10 24 92 92
10 25 47 47
10 26 40 40
10 27 34 34
10 28 52 52
10 29 37 37
10 30 72 72
10 31 61 61
10 32 42 42
10 33 3 3
10 34 94 94
10 35 47 47
10 36 46 46
10 37 53 53
10 38 16 16
10 39 19 19
10 40 44 44
11 11 0 0
11 12 29 29
11 13 4 4
11 14 35 35
11 15 44 44
11 16 9 9
11 17 20 20
11 18 90 90
11 19 33 33
11 20 35 35
11 21 68 68
11 22 77 77
11 23 65 65
11 24 81 81
11 25 37 37
11 26 57 57
11 27 54 54
11 28 35 35
11 29 45 45
11 30 82 82
11 31 44 44
11 32 64 64
11 33 25 25
11 34 88 88
11 35 25 25
11 36 42 42
11 37 35 35
11 38 22 22
11 39 34 34
11 40 35 35
12 12 0 0
12 13 33 33
12 14 54 54
12 15 57 57
12 16 36 36
12 17 9 9
12 18 91 91
12 19 53 53
12 20 53 53
12 21 84 84
12 22 65 65
12 23 71 71
12 24 94 94
12 25 49 49
12 26 34 34
12 27 27 27
12 28 56 56
12 29 34 34
12 30 67 67
12 31 65 65
12 32 36 36
12 33 5 5
12 34 94 94
12 35 53 53
12 36 47 47
12 37 58 58
12 38 17 17
12 39 15 15
12 40 46 46
13 13 0 0
13 14 32 32
13 15 41 41
13 16 4 4
13 17 25 25
13 18 89 89
13 19 30 30
13 20 31 31
13 21 65 65
13 22 78 78
13 23 63 63
13 24 78 78
13 25 35 35
13 26 60 60
13 27 58 58
13 28 32 32
13 29 46 46
13 30 83 83
13 31 40 40
13 32 69 69
13 33 30 30
13 34 86 86
13 35 20 20
13 36 41 41
13 37 31 31
13 38 24 24
13 39 37 37
13 40 33 33
14 14 0 0
14 15 11 11
14 16 29 29
14 17 49 49
14 18 63 63
14 19 3 3
14 20 1 1
14 21 33 33
14 22 66 66
14 23 35 35
14 24 45 45
14 25 12 12
14 26 64 64
14 27 69 69
14 28 4 4
14 29 43 43
14 30 74 74
14 31 12 12
14 32 87 87
14 33 53 53
14 34 56 56
14 35 29 29
14 36 22 22
14 37 11 11
14 38 37 37
14 39 48 48
14 40 13 13
15 15 0 0
15 16 38 38
15 17 54 54
15 18 51 51
15 19 14 14
15 20 12 12
15 21 26 26
15 22 58 58
15 23 24 24
15 24 38 38
15 25 8 8
15 26 62 62
15 27 68 68
15 28 15 15
15 29 39 39
15 30 66 66
15 31 17 17
15 32 88 88
15 33 57 57
15 34 46 46
15 35 40 40
15 36 15 15
15 37 21 21
15 38 40 40
15 39 49 49
15 40 11 11
16 16 0 0
16 17 28 28
16 18 87 87
16 19 26 26
16 20 28 28
16 21 61 61
16 22 78 78
16 23 61 61
16 24 74 74
16 25 32 32
16 26 61 61
16 27 60 60
16 28 28 28
16 29 46 46
16 30 84 84
16 31 36 36
16 32 72 72
16 33 33 33
16 34 83 83
16 35 17 17
16 36 39 39
16 37 27 27
16 38 26 26
16 39 39 39
16 40 31 31
17 17 0 0
17 18 92 92
17 19 47 47
17 20 48 48
17 21 80 80
17 22 69 69
17 23 70 70
17 24 91 91
17 25 46 46
17 26 42 42
17 27 36 36
17 28 50 50
17 29 37 37
17 30 73 73
17 31 59 59
17 32 44 44
17 33 5 5
17 34 93 93
17 35 45 45
17 36 46 46
17 37 52 52
17 38 15 15
17 39 20 20
17 40 43 43
18 18 0 0
18 19 66 66
18 20 64 64
18 21 46 46
18 22 43 43
18 23 27 27
18 24 41 41
18 25 55 55
18 26 73 73
18 27 86 86
18 28 66 66
18 29 58 58
18 30 50 50
18 31 65 65
18 32 108 108
18 33 94 94
18 34 16 16
18 35 92 92
18 36 49 49
18 37 72 72
18 38 77 77
18 39 77 77
18 40 56 56
19 19 0 0
19 20 2 2
19 21 35 35
19 22 68 68
19 23 38 38
19 24 48 48
19 25 14 14
19 26 65 65
19 27 69 69
19 28 3 3
19 29 44 44
19 30 76 76
19 31 12 12
19 32 86 86
19 33 52 52
19 34 59 59
19 35 26 26
19 36 24 24
19 37 9 9
19 38 37 37
19 39 48 48
19 40 15 15
20 20 0 0
20 21 34 34
20 22 67 67
20 23 36 36
20 24 46 46
20 25 12 12
20 26 64 64
20 27 69 69
20 28 4 4
20 29 43 43
20 30 74 74
20 31 12 12
20 32 86 86
20 33 52 52
20 34 57 57
20 35 28 28
20 36 22 22
20 37 10 10
20 38 37 37
20 39 48 48
20 40 13 13
21 21 0 0
21 22 71 71
21 23 26 26
21 24 13 13
21 25 35 35
21 26 85 85
21 27 93 93
21 28 34 34
21 29 62 62
21 30 80 80
21 31 27 27
21 32 113 113
21 33 84 84
21 34 33 33
21 35 58 58
21 36 39 39
21 37 37 37
21 38 67 67
21 39 74 74
21 40 38 38
22 22 0 0
22 23 45 45
22 24 73 73
22 25 55 55
22 26 36 36
22 27 49 49
22 28 71 71
22 29 33 33
22 30 9 9
22 31 75 75
22 32 70 70
22 33 69 69
22 34 55 55
22 35 90 90
22 36 45 45
22 37 77 77
22 38 57 57
22 39 50 50
22 40 54 54
23 23 0 0
23 24 29 29
23 25 28 28
23 26 63 63
23 27 74 74
23 28 39 39
23 29 43 43
23 30 54 54
23 31 38 38
23 32 95 95
23 33 73 73
23 34 23 23
23 35 64 64
23 36 25 25
23 37 45 45
23 38 55 55
23 39 59 59
23 40 30 30
24 24 0 0
24 25 46 46
24 26 91 91
24 27 101 101
24 28 47 47
24 29 70 70
24 30 82 82
24 31 40 40
24 32 122 122
24 33 95 95
24 34 25 25
24 35 71 71
24 36 48 48
24 37 50 50
24 38 77 77
24 39 84 84
24 40 48 48
25 25 0 0
25 26 54 54
25 27 60 60
25 28 16 16
25 29 32 32
25 30 62 62
25 31 22 22
25 32 79 79
25 33 49 49
25 34 51 51
25 35 38 38
25 36 10 10
25 37 22 22
25 38 32 32
25 39 40 40
25 40 3 3
26 26 0 0
26 27 13 13
26 28 68 68
26 29 22 22
26 30 35 35
26 31 76 76
26 32 35 35
26 33 39 39
26 34 82 82
26 35 77 77
26 36 47 47
26 37 73 73
26 38 35 35
26 39 23 23
26 40 52 52
27 27 0 0
27 28 73 73
27 29 31 31
27 30 48 48
27 31 81 81
27 32 22 22
27 33 32 32
27 34 93 93
27 35 77 77
27 36 54 54
27 37 76 76
27 38 35 35
27 39 22 22
27 40 58 58
28 28 0 0
28 29 47 47
28 30 79 79
28 31 9 9
28 32 89 89
28 33 55 55
28 34 59 59
28 35 26 26
28 36 26 26
28 37 6 6
28 38 40 40
28 39 51 51
28 40 17 17
29 29 0 0
29 30 37 37
29 31 54 54
29 32 52 52
29 33 37 37
29 34 63 63
29 35 60 60
29 36 24 24
29 37 52 52
29 38 24 24
29 39 19 19
29 40 30 30
30 30 0 0
30 31 83 83
30 32 67 67
30 33 71 71
30 34 64 64
30 35 97 97
30 36 53 53
30 37 85 85
30 38 61 61
30 39 52 52
30 40 61 61
31 31 0 0
31 32 98 98
31 33 64 64
31 34 56 56
31 35 31 31
31 36 31 31
31 37 10 10
31 38 49 49
31 39 60 60
31 40 24 24
32 32 0 0
32 33 39 39
32 34 115 115
32 35 89 89
32 36 75 75
32 37 92 92
32 38 50 50
32 39 39 39
32 40 77 77
33 33 0 0
33 34 96 96
33 35 50 50
33 36 48 48
33 37 56 56
33 38 17 17
33 39 19 19
33 40 46 46
34 34 0 0
34 35 85 85
34 36 48 48
34 37 65 65
34 38 78 78
34 39 81 81
34 40 53 53
35 35 0 0
35 36 47 47
35 37 21 21
35 38 42 42
35 39 56 56
35 40 38 38
36 36 0 0
36 37 32 32
36 38 31 31
36 39 36 36
36 40 9 9
37 37 0 0
37 38 43 43
37 39 55 55
37 40 23 23
38 38 0 0
38 39 13 13
38 40 29 29
39 39 0 0
39 40 37 37
40 40 0 0