40
15
20
4
17
26
30
31
6
2
7
12
17
20
33
1 1 0 0
1 2 83 83
1 3 3 3
1 4 11 11
1 5 68 68
1 6 80 80
1 7 87 87
1 8 73 73
1 9 57 57
1 10 90 90
1 11 6 6
1 12 114 114
1 13 8 8
1 14 54 54
1 15 41 41
1 16 111 111
1 17 26 26
1 18 82 82
1 19 8 8
1 20 70 70
1 21 59 59
1 22 58 58
1 23 78 78
1 24 66 66
1 25 47 47
1 26 59 59
1 27 76 76
1 28 82 82
1 29 84 84
1 30 36 36
1 31 93 93
1 32 54 54
1 33 31 31
1 34 59 59
1 35 69 69
1 36 48 48
1 37 81 81
1 38 80 80
1 39 97 97
1 40 54 54
2 2 0 0
2 3 80 80
2 4 72 72
2 5 32 32
2 6 79 79
2 7 68 68
2 8 33 33
2 9 94 94
2 10 80 80
2 11 84 84
2 12 92 92
2 13 74 74
2 14 31 31
2 15 53 53
2 16 90 90
2 17 81 81
2 18 89 89
2 19 75 75
2 20 98 98
2 21 112 112
2 22 67 67
2 23 104 104
2 24 29 29
2 25 107 107
2 26 33 33
2 27 129 129
2 28 94 94
2 29 89 89
2 30 78 78
2 31 102 102
2 32 46 46
2 33 51 51
2 34 105 105
2 35 115 115
2 36 112 112
2 37 116 116
2 38 49 49
2 39 77 77
2 40 39 39
3 3 0 0
3 4 9 9
3 5 65 65
3 6 77 77
3 7 84 84
3 8 70 70
3 9 55 55
3 10 87 87
3 11 6 6
3 12 111 111
3 13 6 6
3 14 51 51
3 15 38 38
3 16 108 108
3 17 24 24
3 18 80 80
3 19 5 5
3 20 68 68
3 21 59 59
3 22 55 55
3 23 76 76
3 24 63 63
3 25 47 47
3 26 56 56
3 27 75 75
3 28 80 80
3 29 81 81
3 30 34 34
3 31 90 90
3 32 51 51
3 33 28 28
3 34 58 58
3 35 68 68
3 36 48 48
3 37 79 79
3 38 77 77
3 39 94 94
3 40 51 51
4 4 0 0
4 5 60 60
4 6 77 77
4 7 83 83
4 8 65 65
4 9 59 59
4 10 87 87
4 11 14 14
4 12 110 110
4 13 3 3
4 14 45 45
4 15 35 35
4 16 107 107
4 17 28 28
4 18 81 81
4 19 6 6
4 20 72 72
4 21 65 65
4 22 55 55
4 23 80 80
4 24 58 58
4 25 53 53
4 26 51 51
4 27 82 82
4 28 82 82
4 29 82 82
4 30 36 36
4 31 92 92
4 32 47 47
4 33 21 21
4 34 63 63
4 35 74 74
4 36 55 55
4 37 84 84
4 38 73 73
4 39 93 93
4 40 46 46
5 5 0 0
5 6 47 47
5 7 38 38
5 8 5 5
5 9 64 64
5 10 49 49
5 11 67 67
5 12 65 65
5 13 61 61
5 14 19 19
5 15 29 29
5 16 63 63
5 17 57 57
5 18 57 57
5 19 60 60
5 20 67 67
5 21 83 83
5 22 35 35
5 23 72 72
5 24 4 4
5 25 80 80
5 26 9 9
5 27 99 99
5 28 62 62
5 29 57 57
5 30 52 52
5 31 70 70
5 32 17 17
5 33 41 41
5 34 75 75
5 35 84 84
5 36 86 86
5 37 84 84
5 38 20 20
5 39 48 48
5 40 14 14
6 6 0 0
6 7 18 18
6 8 46 46
6 9 37 37
6 10 11 11
6 11 75 75
6 12 35 35
6 13 77 77
6 14 59 59
6 15 46 46
6 16 32 32
6 17 56 56
6 18 11 11
6 19 73 73
6 20 29 29
6 21 56 56
6 22 22 22
6 23 31 31
6 24 50 50
6 25 61 61
6 26 50 50
6 27 67 67
6 28 17 17
6 29 11 11
6 30 45 45
6 31 23 23
6 32 40 40
6 33 69 69
6 34 47 47
6 35 51 51
6 36 68 68
6 37 45 45
6 38 31 31
6 39 21 21
6 40 47 47
7 7 0 0
7 8 35 35
7 9 53 53
7 10 13 13
7 11 84 84
7 12 29 29
7 13 83 83
7 14 55 55
7 15 48 48
7 16 26 26
7 17 66 66
7 18 28 28
7 19 80 80
7 20 47 47
7 21 73 73
7 22 30 30
7 23 49 49
7 24 42 42
7 25 77 77
7 26 44 44
7 27 85 85
7 28 34 34
7 29 27 27
7 30 56 56
7 31 37 37
7 32 38 38
7 33 70 70
7 34 64 64
7 35 69 69
7 36 84 84
7 37 63 63
7 38 18 18
7 39 11 11
7 40 44 44
8 8 0 0
8 9 66 66
8 10 47 47
8 11 72 72
8 12 62 62
8 13 66 66
8 14 24 24
8 15 33 33
8 16 59 59
8 17 61 61
8 18 56 56
8 19 65 65
8 20 67 67
8 21 85 85
8 22 37 37
8 23 72 72
8 24 9 9
8 25 83 83
8 26 14 14
8 27 101 101
8 28 62 62
8 29 56 56
8 30 55 55
8 31 68 68
8 32 21 21
8 33 46 46
8 34 77 77
8 35 86 86
8 36 89 89
8 37 85 85
8 38 17 17
8 39 45 45
8 40 19 19
9 9 0 0
9 10 48 48
9 11 51 51
9 12 70 70
9 13 57 57
9 14 66 66
9 15 44 44
9 16 68 68
9 17 31 31
9 18 33 33
9 19 53 53
9 20 14 14
9 21 20 20
9 22 29 29
9 23 22 22
9 24 65 65
9 25 25 25
9 26 61 61
9 27 36 36
9 28 29 29
9 29 34 34
9 30 23 23
9 31 39 39
9 32 48 48
9 33 61 61
9 34 12 12
9 35 21 21
9 36 32 32
9 37 25 25
9 38 59 59
9 39 58 58
9 40 55 55
10 10 0 0
10 11 86 86
10 12 24 24
10 13 86 86
10 14 64 64
10 15 54 54
10 16 21 21
10 17 67 67
10 18 17 17
10 19 83 83
10 20 39 39
10 21 66 66
10 22 32 32
10 23 39 39
10 24 53 53
10 25 72 72
10 26 54 54
10 27 76 76
10 28 24 24
10 29 16 16
10 30 56 56
10 31 25 25
10 32 46 46
10 33 77 77
10 34 58 58
10 35 61 61
10 36 79 79
10 37 53 53
10 38 31 31
10 39 11 11
10 40 53 53
11 11 0 0
11 12 110 110
11 13 11 11
11 14 54 54
11 15 39 39
11 16 107 107
11 17 20 20
11 18 77 77
11 19 9 9
11 20 65 65
11 21 53 53
11 22 54 54
11 23 72 72
11 24 65 65
11 25 41 41
11 26 58 58
11 27 70 70
11 28 77 77
11 29 78 78
11 30 31 31
11 31 87 87
11 32 52 52
11 33 33 33
11 34 53 53
11 35 63 63
11 36 42 42
11 37 75 75
11 38 77 77
11 39 93 93
11 40 53 53
12 12 0 0
12 13 110 110
12 14 83 83
12 15 77 77
12 16 3 3
12 17 91 91
12 18 38 38
12 19 107 107
12 20 60 60
12 21 88 88
12 22 56 56
12 23 57 57
12 24 69 69
12 25 95 95
12 26 72 72
12 27 95 95
12 28 43 43
12 29 37 37
12 30 80 80
12 31 38 38
12 32 67 67
12 33 98 98
12 34 79 79
12 35 81 81
12 36 102 102
12 37 70 70
12 38 45 45
12 39 18 18
12 40 72 72
13 13 0 0
13 14 46 46
13 15 35 35
13 16 107 107
13 17 26 26
13 18 80 80
13 19 4 4
13 20 70 70
13 21 63 63
13 22 54 54
13 23 78 78
13 24 59 59
13 25 51 51
13 26 52 52
13 27 80 80
13 28 80 80
13 29 81 81
13 30 35 35
13 31 91 91
13 32 48 48
13 33 23 23
13 34 61 61
13 35 72 72
13 36 53 53
13 37 82 82
13 38 74 74
13 39 93 93
13 40 47 47
14 14 0 0
14 15 23 23
14 16 80 80
14 17 50 50
14 18 68 68
14 19 46 46
14 20 72 72
14 21 82 82
14 22 41 41
14 23 79 79
14 24 16 16
14 25 76 76
14 26 11 11
14 27 100 100
14 28 72 72
14 29 69 69
14 30 48 48
14 31 81 81
14 32 20 20
14 33 24 24
14 34 76 76
14 35 86 86
14 36 82 82
14 37 89 89
14 38 38 38
14 39 65 65
14 40 12 12
15 15 0 0
15 16 74 74
15 17 29 29
15 18 52 52
15 19 33 33
15 20 52 52
15 21 59 59
15 22 24 24
15 23 59 59
15 24 28 28
15 25 54 54
15 26 22 22
15 27 77 77
15 28 55 55
15 29 53 53
15 30 25 25
15 31 65 65
15 32 13 13
15 33 23 23
15 34 53 53
15 35 64 64
15 36 59 59
15 37 68 68
15 38 39 39
15 39 59 59
15 40 15 15
16 16 0 0
16 17 88 88
16 18 35 35
16 19 104 104
16 20 57 57
16 21 86 86
16 22 53 53
16 23 55 55
16 24 67 67
16 25 92 92
16 26 70 70
16 27 93 93
16 28 41 41
16 29 34 34
16 30 78 78
16 31 36 36
16 32 64 64
16 33 96 96
16 34 77 77
16 35 79 79
16 36 99 99
16 37 68 68
16 38 43 43
16 39 15 15
16 40 70 70
17 17 0 0
17 18 57 57
17 19 22 22
17 20 45 45
17 21 38 38
17 22 36 36
17 23 53 53
17 24 57 57
17 25 28 28
17 26 50 50
17 27 56 56
17 28 56 56
17 29 59 59
17 30 11 11
17 31 67 67
17 32 40 40
17 33 36 36
17 34 36 36
17 35 46 46
17 36 33 33
17 37 56 56
17 38 63 63
17 39 75 75
17 40 44 44
18 18 0 0
18 19 76 76
18 20 22 22
18 21 50 50
18 22 28 28
18 23 22 22
18 24 60 60
18 25 57 57
18 26 59 59
18 27 59 59
18 28 7 7
18 29 1 1
18 30 47 47
18 31 13 13
18 32 48 48
18 33 75 75
18 34 41 41
18 35 44 44
18 36 64 64
18 37 35 35
18 38 42 42
18 39 28 28
18 40 56 56
19 19 0 0
19 20 66 66
19 21 59 59
19 22 51 51
19 23 74 74
19 24 58 58
19 25 47 47
19 26 51 51
19 27 76 76
19 28 77 77
19 29 78 78
19 30 31 31
19 31 87 87
19 32 46 46
19 33 24 24
19 34 57 57
19 35 68 68
19 36 49 49
19 37 78 78
19 38 72 72
19 39 90 90
19 40 46 46
20 20 0 0
20 21 28 28
20 22 31 31
20 23 8 8
20 24 69 69
20 25 37 37
20 26 65 65
20 27 38 38
20 28 17 17
20 29 23 23
20 30 35 35
20 31 26 26
20 32 53 53
20 33 72 72
20 34 20 20
20 35 22 22
20 36 43 43
20 37 18 18
20 38 57 57
20 39 50 50
20 40 61 61
21 21 0 0
21 22 49 49
21 23 32 32
21 24 84 84
21 25 13 13
21 26 79 79
21 27 18 18
21 28 45 45
21 29 51 51
21 30 35 35
21 31 53 53
21 32 66 66
21 33 73 73
21 34 9 9
21 35 11 11
21 36 17 17
21 37 26 26
21 38 79 79
21 39 77 77
21 40 73 73
22 22 0 0
22 23 38 38
22 24 38 38
22 25 49 49
22 26 34 34
22 27 64 64
22 28 31 31
22 29 29 29
22 30 26 26
22 31 41 41
22 32 22 22
22 33 47 47
22 34 41 41
22 35 49 49
22 36 56 56
22 37 49 49
22 38 30 30
22 39 39 39
22 40 30 30
23 23 0 0
23 24 75 75
23 25 42 42
23 26 72 72
23 27 38 38
23 28 15 15
23 29 22 22
23 30 43 43
23 31 21 21
23 32 59 59
23 33 80 80
23 34 25 25
23 35 24 24
23 36 48 48
23 37 14 14
23 38 61 61
23 39 50 50
23 40 67 67
24 24 0 0
24 25 81 81
24 26 7 7
24 27 101 101
24 28 65 65
24 29 61 61
24 30 52 52
24 31 73 73
24 32 18 18
24 33 38 38
24 34 77 77
24 35 86 86
24 36 87 87
24 37 87 87
24 38 25 25
24 39 52 52
24 40 13 13
25 25 0 0
25 26 75 75
25 27 29 29
25 28 53 53
25 29 59 59
25 30 29 29
25 31 62 62
25 32 63 63
25 33 64 64
25 34 18 18
25 35 24 24
25 36 7 7
25 37 38 38
25 38 79 79
25 39 82 82
25 40 68 68
26 26 0 0
26 27 96 96
26 28 64 64
26 29 60 60
26 30 46 46
26 31 72 72
26 32 13 13
26 33 32 32
26 34 72 72
26 35 81 81
26 36 81 81
26 37 83 83
26 38 28 28
26 39 55 55
26 40 6 6
27 27 0 0
27 28 53 53
27 29 60 60
27 30 53 53
27 31 58 58
27 32 83 83
27 33 91 91
27 34 24 24
27 35 16 16
27 36 29 29
27 37 26 26
27 38 93 93
27 39 87 87
27 40 90 90
28 28 0 0
28 29 7 7
28 30 46 46
28 31 11 11
28 32 52 52
28 33 77 77
28 34 37 37
28 35 38 38
28 36 60 60
28 37 29 29
28 38 48 48
28 39 35 35
28 40 60 60
29 29 0 0
29 30 48 48
29 31 12 12
29 32 49 49
29 33 76 76
29 34 43 43
29 35 45 45
29 36 65 65
29 37 36 36
29 38 42 42
29 39 27 27
29 40 57 57
30 30 0 0
30 31 57 57
30 32 34 34
30 33 39 39
30 34 30 30
30 35 41 41
30 36 35 35
30 37 49 49
30 38 54 54
30 39 65 65
30 40 40 40
31 31 0 0
31 32 62 62
31 33 88 88
31 34 45 45
31 35 44 44
31 36 69 69
31 37 32 32
31 38 54 54
31 39 34 34
31 40 69 69
32 32 0 0
32 33 32 32
32 34 59 59
32 35 69 69
32 36 69 69
32 37 70 70
32 38 26 26
32 39 49 49
32 40 8 8
33 33 0 0
33 34 69 69
33 35 80 80
33 36 68 68
33 37 87 87
33 38 57 57
33 39 81 81
33 40 28 28
34 34 0 0
34 35 11 11
34 36 24 24
34 37 22 22
34 38 70 70
34 39 68 68
34 40 66 66
35 35 0 0
35 36 28 28
35 37 15 15
35 38 77 77
35 39 72 72
35 40 76 76
36 36 0 0
36 37 43 43
36 38 86 86
36 39 89 89
36 40 74 74
37 37 0 0
37 38 74 74
37 39 64 64
37 40 78 78
38 38 0 0
38 39 28 28
38 40 29 29
39 39 0 0
39 40 54 54
40 40 0 0