40
15
20
4
3
15
16
19
6
2
14
27
30
32
35
1 1 0 0
1 2 49 49
1 3 27 27
1 4 95 95
1 5 89 89
1 6 66 66
1 7 48 48
1 8 42 42
1 9 33 33
1 10 54 54
1 11 52 52
1 12 42 42
1 13 38 38
1 14 91 91
1 15 82 82
1 16 50 50
1 17 64 64
1 18 47 47
1 19 68 68
1 20 46 46
1 21 28 28
1 22 107 107
1 23 4 4
1 24 74 74
1 25 4 4
1 26 83 83
1 27 38 38
1 28 82 82
1 29 99 99
1 30 73 73
1 31 29 29
1 32 68 68
1 33 54 54
1 34 81 81
1 35 12 12
1 36 45 45
1 37 92 92
1 38 90 90
1 39 98 98
1 40 28 28
2 2 0 0
2 3 42 42
2 4 50 50
2 5 40 40
2 6 32 32
2 7 53 53
2 8 43 43
2 9 48 48
2 10 31 31
2 11 4 4
2 12 16 16
2 13 34 34
2 14 43 43
2 15 44 44
2 16 26 26
2 17 45 45
2 18 35 35
2 19 29 29
2 20 3 3
2 21 33 33
2 22 58 58
2 23 50 50
2 24 45 45
2 25 50 50
2 26 47 47
2 27 29 29
2 28 34 34
2 29 51 51
2 30 32 32
2 31 34 34
2 32 26 26
2 33 16 16
2 34 33 33
2 35 43 43
2 36 21 21
2 37 69 69
2 38 45 45
2 39 52 52
2 40 49 49
3 3 0 0
3 4 78 78
3 5 80 80
3 6 70 70
3 7 67 67
3 8 15 15
3 9 8 8
3 10 31 31
3 11 46 46
3 12 45 45
3 13 52 52
3 14 84 84
3 15 84 84
3 16 57 57
3 17 75 75
3 18 59 59
3 19 69 69
3 20 39 39
3 21 9 9
3 22 96 96
3 23 31 31
3 24 81 81
3 25 24 24
3 26 86 86
3 27 17 17
3 28 70 70
3 29 91 91
3 30 54 54
3 31 8 8
3 32 51 51
3 33 38 38
3 34 74 74
3 35 15 15
3 36 51 51
3 37 103 103
3 38 87 87
3 39 82 82
3 40 50 50
4 4 0 0
4 5 31 31
4 6 65 65
4 7 101 101
4 8 69 69
4 9 80 80
4 10 48 48
4 11 48 48
4 12 65 65
4 13 83 83
4 14 36 36
4 15 64 64
4 16 71 71
4 17 84 84
4 18 81 81
4 19 58 58
4 20 52 52
4 21 71 71
4 22 32 32
4 23 98 98
4 24 76 76
4 25 95 95
4 26 68 68
4 27 61 61
4 28 21 21
4 29 36 36
4 30 24 24
4 31 71 71
4 32 28 28
4 33 42 42
4 34 37 37
4 35 86 86
4 36 68 68
4 37 97 97
4 38 51 51
4 39 4 4
4 40 99 99
5 5 0 0
5 6 39 39
5 7 80 80
5 8 77 77
5 9 84 84
5 10 58 58
5 11 37 37
5 12 50 50
5 13 65 65
5 14 6 6
5 15 34 34
5 16 50 50
5 17 59 59
5 18 61 61
5 19 32 32
5 20 43 43
5 21 71 71
5 22 18 18
5 23 90 90
5 24 48 48
5 25 90 90
5 26 38 38
5 27 64 64
5 28 14 14
5 29 11 11
5 30 38 38
5 31 72 72
5 32 35 35
5 33 43 43
5 34 9 9
5 35 83 83
5 36 50 50
5 37 67 67
5 38 20 20
5 39 29 29
5 40 84 84
6 6 0 0
6 7 42 42
6 8 74 74
6 9 77 77
6 10 63 63
6 11 29 29
6 12 25 25
6 13 32 32
6 14 37 37
6 15 16 16
6 16 16 16
6 17 19 19
6 18 24 24
6 19 7 7
6 20 34 34
6 21 61 61
6 22 55 55
6 23 65 65
6 24 14 14
6 25 69 69
6 26 17 17
6 27 60 60
6 28 44 44
6 29 45 45
6 30 57 57
6 31 63 63
6 32 51 51
6 33 47 47
6 34 30 30
6 35 65 65
6 36 21 21
6 37 37 37
6 38 28 28
6 39 65 65
6 40 51 51
7 7 0 0
7 8 79 79
7 9 75 75
7 10 79 79
7 11 53 53
7 12 37 37
7 13 19 19
7 14 78 78
7 15 55 55
7 16 30 30
7 17 26 26
7 18 19 19
7 19 48 48
7 20 52 52
7 21 63 63
7 22 97 97
7 23 45 45
7 24 41 41
7 25 52 52
7 26 54 54
7 27 67 67
7 28 81 81
7 29 87 87
7 30 85 85
7 31 64 64
7 32 79 79
7 33 68 68
7 34 70 70
7 35 55 55
7 36 33 33
7 37 50 50
7 38 70 70
7 39 102 102
7 40 21 21
8 8 0 0
8 9 11 11
8 10 21 21
8 11 47 47
8 12 51 51
8 13 62 62
8 14 81 81
8 15 87 87
8 16 64 64
8 17 83 83
8 18 68 68
8 19 72 72
8 20 41 41
8 21 17 17
8 22 92 92
8 23 46 46
8 24 87 87
8 25 39 39
8 26 90 90
8 27 15 15
8 28 65 65
8 29 88 88
8 30 46 46
8 31 15 15
8 32 44 44
8 33 34 34
8 34 73 73
8 35 30 30
8 36 57 57
8 37 110 110
8 38 87 87
8 39 73 73
8 40 64 64
9 9 0 0
9 10 31 31
9 11 52 52
9 12 52 52
9 13 59 59
9 14 88 88
9 15 91 91
9 16 64 64
9 17 82 82
9 18 67 67
9 19 75 75
9 20 45 45
9 21 15 15
9 22 100 100
9 23 37 37
9 24 89 89
9 25 30 30
9 26 93 93
9 27 20 20
9 28 74 74
9 29 95 95
9 30 55 55
9 31 14 14
9 32 53 53
9 33 42 42
9 34 79 79
9 35 22 22
9 36 58 58
9 37 110 110
9 38 93 93
9 39 83 83
9 40 58 58
10 10 0 0
10 11 34 34
10 12 44 44
10 13 60 60
10 14 62 62
10 15 73 73
10 16 56 56
10 17 75 75
10 18 64 64
10 19 59 59
10 20 30 30
10 21 26 26
10 22 71 71
10 23 57 57
10 24 76 76
10 25 52 52
10 26 76 76
10 27 16 16
10 28 45 45
10 29 68 68
10 30 24 24
10 31 25 25
10 32 23 23
10 33 17 17
10 34 54 54
10 35 43 43
10 36 51 51
10 37 100 100
10 38 70 70
10 39 52 52
10 40 68 68
11 11 0 0
11 12 17 17
11 13 35 35
11 14 39 39
11 15 40 40
11 16 25 25
11 17 43 43
11 18 35 35
11 19 25 25
11 20 7 7
11 21 37 37
11 22 54 54
11 23 54 54
11 24 43 43
11 25 54 54
11 26 43 43
11 27 33 33
11 28 31 31
11 29 47 47
11 30 32 32
11 31 38 38
11 32 26 26
11 33 18 18
11 34 29 29
11 35 47 47
11 36 21 21
11 37 66 66
11 38 41 41
11 39 50 50
11 40 51 51
12 12 0 0
12 13 18 18
12 14 50 50
12 15 41 41
12 16 13 13
12 17 32 32
12 18 20 20
12 19 26 26
12 20 15 15
12 21 37 37
12 22 67 67
12 23 42 42
12 24 37 37
12 25 44 44
12 26 42 42
12 27 37 37
12 28 47 47
12 29 59 59
12 30 48 48
12 31 38 38
12 32 42 42
12 33 31 31
12 34 41 41
12 35 40 40
12 36 6 6
12 37 59 59
12 38 48 48
12 39 67 67
12 40 35 35
13 13 0 0
13 14 65 65
13 15 48 48
13 16 16 16
13 17 26 26
13 18 9 9
13 19 36 36
13 20 33 33
13 21 46 46
13 22 83 83
13 23 36 36
13 24 37 37
13 25 42 42
13 26 48 48
13 27 49 49
13 28 64 64
13 29 74 74
13 30 66 66
13 31 47 47
13 32 61 61
13 33 49 49
13 34 56 56
13 35 42 42
13 36 15 15
13 37 54 54
13 38 59 59
13 39 85 85
13 40 20 20
14 14 0 0
14 15 30 30
14 16 50 50
14 17 56 56
14 18 60 60
14 19 31 31
14 20 46 46
14 21 75 75
14 22 18 18
14 23 92 92
14 24 45 45
14 25 92 92
14 26 34 34
14 27 68 68
14 28 19 19
14 29 9 9
14 30 43 43
14 31 76 76
14 32 40 40
14 33 47 47
14 34 10 10
14 35 86 86
14 36 50 50
14 37 62 62
14 38 15 15
14 39 35 35
14 40 84 84
15 15 0 0
15 16 33 33
15 17 30 30
15 18 40 40
15 19 16 16
15 20 46 46
15 21 76 76
15 22 46 46
15 23 82 82
15 24 16 16
15 25 85 85
15 26 4 4
15 27 73 73
15 28 44 44
15 29 36 36
15 30 62 62
15 31 77 77
15 32 57 57
15 33 57 57
15 34 27 27
15 35 81 81
15 36 37 37
15 37 33 33
15 38 17 17
15 39 63 63
15 40 67 67
16 16 0 0
16 17 19 19
16 18 11 11
16 19 20 20
16 20 26 26
16 21 49 49
16 22 67 67
16 23 49 49
16 24 25 25
16 25 53 53
16 26 33 33
16 27 49 49
16 28 51 51
16 29 58 58
16 30 57 57
16 31 50 50
16 32 51 51
16 33 42 42
16 34 41 41
16 35 50 50
16 36 6 6
16 37 46 46
16 38 44 44
16 39 72 72
16 40 36 36
17 17 0 0
17 18 17 17
17 19 26 26
17 20 45 45
17 21 68 68
17 22 74 74
17 23 62 62
17 24 14 14
17 25 67 67
17 26 28 28
17 27 69 69
17 28 63 63
17 29 64 64
17 30 74 74
17 31 69 69
17 32 68 68
17 33 61 61
17 34 49 49
17 35 67 67
17 36 25 25
17 37 29 29
17 38 45 45
17 39 84 84
17 40 42 42
18 18 0 0
18 19 30 30
18 20 35 35
18 21 52 52
18 22 78 78
18 23 45 45
18 24 28 28
18 25 51 51
18 26 39 39
18 27 55 55
18 28 62 62
18 29 68 68
18 30 67 67
18 31 54 54
18 32 61 61
18 33 51 51
18 34 51 51
18 35 50 50
18 36 14 14
18 37 46 46
18 38 53 53
18 39 83 83
18 40 28 28
19 19 0 0
19 20 31 31
19 21 60 60
19 22 49 49
19 23 68 68
19 24 19 19
19 25 70 70
19 26 18 18
19 27 57 57
19 28 37 37
19 29 39 39
19 30 51 51
19 31 61 61
19 32 46 46
19 33 42 42
19 34 23 23
19 35 66 66
19 36 23 23
19 37 42 42
19 38 23 23
19 39 58 58
19 40 56 56
20 20 0 0
20 21 30 30
20 22 61 61
20 23 47 47
20 24 47 47
20 25 47 47
20 26 49 49
20 27 26 26
20 28 37 37
20 29 54 54
20 30 34 34
20 31 31 31
20 32 28 28
20 33 16 16
20 34 36 36
20 35 40 40
20 36 21 21
20 37 70 70
20 38 48 48
20 39 55 55
20 40 47 47
21 21 0 0
21 22 88 88
21 23 32 32
21 24 73 73
21 25 27 27
21 26 78 78
21 27 10 10
21 28 62 62
21 29 82 82
21 30 47 47
21 31 1 1
21 32 43 43
21 33 30 30
21 34 65 65
21 35 17 17
21 36 43 43
21 37 95 95
21 38 78 78
21 39 74 74
21 40 47 47
22 22 0 0
22 23 108 108
22 24 62 62
22 25 108 108
22 26 50 50
22 27 80 80
22 28 26 26
22 29 10 10
22 30 48 48
22 31 88 88
22 32 48 48
22 33 58 58
22 34 27 27
22 35 100 100
22 36 68 68
22 37 77 77
22 38 30 30
22 39 29 29
22 40 102 102
23 23 0 0
23 24 73 73
23 25 8 8
23 26 82 82
23 27 41 41
23 28 84 84
23 29 100 100
23 30 75 75
23 31 33 33
23 32 70 70
23 33 56 56
23 34 82 82
23 35 16 16
23 36 45 45
23 37 90 90
23 38 90 90
23 39 100 100
23 40 24 24
24 24 0 0
24 25 78 78
24 26 13 13
24 27 72 72
24 28 55 55
24 29 52 52
24 30 70 70
24 31 75 75
24 32 65 65
24 33 60 60
24 34 40 40
24 35 75 75
24 36 31 31
24 37 23 23
24 38 33 33
24 39 76 76
24 40 55 55
25 25 0 0
25 26 86 86
25 27 37 37
25 28 83 83
25 29 101 101
25 30 72 72
25 31 27 27
25 32 68 68
25 33 54 54
25 34 83 83
25 35 10 10
25 36 48 48
25 37 96 96
25 38 92 92
25 39 98 98
25 40 32 32
26 26 0 0
26 27 75 75
26 28 48 48
26 29 40 40
26 30 66 66
26 31 79 79
26 32 61 61
26 33 60 60
26 34 31 31
26 35 82 82
26 36 38 38
26 37 29 29
26 38 20 20
26 39 67 67
26 40 67 67
27 27 0 0
27 28 54 54
27 29 75 75
27 30 37 37
27 31 10 10
27 32 34 34
27 33 22 22
27 34 59 59
27 35 27 27
27 36 43 43
27 37 95 95
27 38 73 73
27 39 65 65
27 40 54 54
28 28 0 0
28 29 24 24
28 30 24 24
28 31 62 62
28 32 22 22
28 33 32 32
28 34 17 17
28 35 75 75
28 36 49 49
28 37 76 76
28 38 32 32
28 39 21 21
28 40 82 82
29 29 0 0
29 30 47 47
29 31 83 83
29 32 46 46
29 33 54 54
29 34 18 18
29 35 94 94
29 36 59 59
29 37 67 67
29 38 19 19
29 39 34 34
29 40 93 93
30 30 0 0
30 31 47 47
30 32 6 6
30 33 19 19
30 34 38 38
30 35 63 63
30 36 53 53
30 37 93 93
30 38 54 54
30 39 28 28
30 40 80 80
31 31 0 0
31 32 44 44
31 33 30 30
31 34 66 66
31 35 17 17
31 36 44 44
31 37 97 97
31 38 79 79
31 39 74 74
31 40 49 49
32 32 0 0
32 33 14 14
32 34 34 34
32 35 59 59
32 36 47 47
32 37 88 88
32 38 50 50
32 39 31 31
32 40 74 74
33 33 0 0
33 34 39 39
33 35 45 45
33 36 37 37
33 37 84 84
33 38 54 54
33 39 45 45
33 40 61 61
34 34 0 0
34 35 76 76
34 36 41 41
34 37 60 60
34 38 16 16
34 39 36 36
34 40 75 75
35 35 0 0
35 36 45 45
35 37 95 95
35 38 87 87
35 39 89 89
35 40 36 36
36 36 0 0
36 37 53 53
36 38 46 46
36 39 70 70
36 40 34 34
37 37 0 0
37 38 48 48
37 39 96 96
37 40 69 69
38 38 0 0
38 39 49 49
38 40 79 79
39 39 0 0
39 40 101 101
40 40 0 0