40
15
20
4
7
10
15
24
6
3
4
9
19
35
40
1 1 0 0
1 2 91 91
1 3 52 52
1 4 63 63
1 5 49 49
1 6 39 39
1 7 35 35
1 8 45 45
1 9 91 91
1 10 83 83
1 11 72 72
1 12 102 102
1 13 88 88
1 14 104 104
1 15 35 35
1 16 65 65
1 17 88 88
1 18 79 79
1 19 26 26
1 20 32 32
1 21 51 51
1 22 35 35
1 23 54 54
1 24 35 35
1 25 22 22
1 26 46 46
1 27 87 87
1 28 67 67
1 29 52 52
1 30 44 44
1 31 63 63
1 32 72 72
1 33 32 32
1 34 47 47
1 35 21 21
1 36 83 83
1 37 47 47
1 38 79 79
1 39 74 74
1 40 66 66
2 2 0 0
2 3 42 42
2 4 30 30
2 5 44 44
2 6 69 69
2 7 67 67
2 8 68 68
2 9 30 30
2 10 58 58
2 11 19 19
2 12 98 98
2 13 10 10
2 14 98 98
2 15 58 58
2 16 82 82
2 17 14 14
2 18 67 67
2 19 99 99
2 20 79 79
2 21 40 40
2 22 113 113
2 23 55 55
2 24 97 97
2 25 82 82
2 26 77 77
2 27 32 32
2 28 71 71
2 29 101 101
2 30 113 113
2 31 44 44
2 32 32 32
2 33 59 59
2 34 87 87
2 35 91 91
2 36 61 61
2 37 46 46
2 38 21 21
2 39 71 71
2 40 31 31
3 3 0 0
3 4 12 12
3 5 22 22
3 6 46 46
3 7 42 42
3 8 27 27
3 9 56 56
3 10 67 67
3 11 27 27
3 12 102 102
3 13 43 43
3 14 104 104
3 15 18 18
3 16 73 73
3 17 45 45
3 18 70 70
3 19 68 68
3 20 52 52
3 21 17 17
3 22 81 81
3 23 43 43
3 24 70 70
3 25 40 40
3 26 58 58
3 27 54 54
3 28 66 66
3 29 80 80
3 30 85 85
3 31 41 41
3 32 39 39
3 33 23 23
3 34 67 67
3 35 59 59
3 36 69 69
3 37 5 5
3 38 39 39
3 39 70 70
3 40 32 32
4 4 0 0
4 5 23 23
4 6 50 50
4 7 47 47
4 8 39 39
4 9 46 46
4 10 62 62
4 11 16 16
4 12 99 99
4 13 31 31
4 14 100 100
4 15 29 29
4 16 73 73
4 17 33 33
4 18 66 66
4 19 76 76
4 20 58 58
4 21 17 17
4 22 90 90
4 23 43 43
4 24 76 76
4 25 52 52
4 26 61 61
4 27 44 44
4 28 64 64
4 29 84 84
4 30 92 92
4 31 37 37
4 32 32 32
4 33 32 32
4 34 71 71
4 35 67 67
4 36 64 64
4 37 17 17
4 38 29 29
4 39 67 67
4 40 25 25
5 5 0 0
5 6 27 27
5 7 24 24
5 8 45 45
5 9 43 43
5 10 47 47
5 11 25 25
5 12 80 80
5 13 39 39
5 14 82 82
5 15 22 22
5 16 51 51
5 17 39 39
5 18 48 48
5 19 55 55
5 20 36 36
5 21 6 6
5 22 70 70
5 23 21 21
5 24 55 55
5 25 46 46
5 26 38 38
5 27 40 40
5 28 43 43
5 29 61 61
5 30 71 71
5 31 20 20
5 32 24 24
5 33 18 18
5 34 48 48
5 35 47 47
5 36 48 48
5 37 21 21
5 38 30 30
5 39 48 48
5 40 17 17
6 6 0 0
6 7 5 5
6 8 59 59
6 9 58 58
6 10 45 45
6 11 50 50
6 12 66 66
6 13 62 62
6 14 68 68
6 15 35 35
6 16 30 30
6 17 61 61
6 18 40 40
6 19 33 33
6 20 11 11
6 21 33 33
6 22 46 46
6 23 17 17
6 24 29 29
6 25 49 49
6 26 13 13
6 27 54 54
6 28 29 29
6 29 35 35
6 30 45 45
6 31 28 28
6 32 40 40
6 33 26 26
6 34 21 21
6 35 26 26
6 36 44 44
6 37 42 42
6 38 50 50
6 39 36 36
6 40 38 38
7 7 0 0
7 8 54 54
7 9 59 59
7 10 48 48
7 11 48 48
7 12 70 70
7 13 61 61
7 14 73 73
7 15 30 30
7 16 35 35
7 17 60 60
7 18 44 44
7 19 33 33
7 20 12 12
7 21 30 30
7 22 47 47
7 23 19 19
7 24 31 31
7 25 44 44
7 26 17 17
7 27 55 55
7 28 34 34
7 29 38 38
7 30 47 47
7 31 29 29
7 32 40 40
7 33 22 22
7 34 25 25
7 35 25 25
7 36 48 48
7 37 38 38
7 38 50 50
7 39 40 40
7 40 37 37
8 8 0 0
8 9 83 83
8 10 91 91
8 11 54 54
8 12 122 122
8 13 70 70
8 14 125 125
8 15 25 25
8 16 89 89
8 17 72 72
8 18 92 92
8 19 68 68
8 20 61 61
8 21 42 42
8 22 79 79
8 23 64 64
8 24 74 74
8 25 24 24
8 26 72 72
8 27 81 81
8 28 85 85
8 29 88 88
8 30 87 87
8 31 65 65
8 32 66 66
8 33 33 33
8 34 78 78
8 35 60 60
8 36 92 92
8 37 26 26
8 38 67 67
8 39 91 91
8 40 58 58
9 9 0 0
9 10 30 30
9 11 30 30
9 12 69 69
9 13 21 21
9 14 69 69
9 15 64 64
9 16 60 60
9 17 17 17
9 18 41 41
9 19 91 91
9 20 69 69
9 21 43 43
9 22 104 104
9 23 40 40
9 24 86 86
9 25 89 89
9 26 62 62
9 27 4 4
9 28 48 48
9 29 84 84
9 30 101 101
9 31 30 30
9 32 19 19
9 33 61 61
9 34 71 71
9 35 83 83
9 36 34 34
9 37 57 57
9 38 17 17
9 39 46 46
9 40 26 26
10 10 0 0
10 11 50 50
10 12 40 40
10 13 48 48
10 14 40 40
10 15 68 68
10 16 33 33
10 17 45 45
10 18 11 11
10 19 75 75
10 20 54 54
10 21 50 50
10 22 86 86
10 23 30 30
10 24 67 67
10 25 89 89
10 26 42 42
10 27 27 27
10 28 22 22
10 29 61 61
10 30 80 80
10 31 26 26
10 32 30 30
10 33 61 61
10 34 49 49
10 35 69 69
10 36 3 3
10 37 67 67
10 38 38 38
10 39 18 18
10 40 37 37
11 11 0 0
11 12 89 89
11 13 16 16
11 14 90 90
11 15 40 40
11 16 67 67
11 17 18 18
11 18 56 56
11 19 80 80
11 20 60 60
11 21 21 21
11 22 94 94
11 23 38 38
11 24 79 79
11 25 65 65
11 26 59 59
11 27 29 29
11 28 57 57
11 29 84 84
11 30 95 95
11 31 29 29
11 32 19 19
11 33 40 40
11 34 69 69
11 35 72 72
11 36 52 52
11 37 30 30
11 38 14 14
11 39 59 59
11 40 15 15
12 12 0 0
12 13 88 88
12 14 3 3
12 15 98 98
12 16 36 36
12 17 85 85
12 18 33 33
12 19 83 83
12 20 70 70
12 21 85 85
12 22 90 90
12 23 59 59
12 24 73 73
12 25 114 114
12 26 56 56
12 27 66 66
12 28 37 37
12 29 58 58
12 30 79 79
12 31 62 62
12 32 69 69
12 33 90 90
12 34 55 55
12 35 82 82
12 36 37 37
12 37 100 100
12 38 78 78
12 39 32 32
12 40 74 74
13 13 0 0
13 14 88 88
13 15 56 56
13 16 73 73
13 17 4 4
13 18 57 57
13 19 93 93
13 20 72 72
13 21 36 36
13 22 107 107
13 23 47 47
13 24 91 91
13 25 81 81
13 26 69 69
13 27 22 22
13 28 62 62
13 29 93 93
13 30 107 107
13 31 36 36
13 32 23 23
13 33 56 56
13 34 79 79
13 35 85 85
13 36 51 51
13 37 46 46
13 38 12 12
13 39 61 61
13 40 24 24
14 14 0 0
14 15 100 100
14 16 39 39
14 17 85 85
14 18 34 34
14 19 86 86
14 20 72 72
14 21 87 87
14 22 93 93
14 23 61 61
14 24 76 76
14 25 117 117
14 26 58 58
14 27 66 66
14 28 40 40
14 29 61 61
14 30 82 82
14 31 63 63
14 32 70 70
14 33 92 92
14 34 58 58
14 35 85 85
14 36 38 38
14 37 102 102
14 38 79 79
14 39 34 34
14 40 76 76
15 15 0 0
15 16 65 65
15 17 57 57
15 18 68 68
15 19 51 51
15 20 38 38
15 21 21 21
15 22 64 64
15 23 39 39
15 24 54 54
15 25 25 25
15 26 48 48
15 27 61 61
15 28 60 60
15 29 66 66
15 30 69 69
15 31 42 42
15 32 45 45
15 33 9 9
15 34 55 55
15 35 42 42
15 36 68 68
15 37 13 13
15 38 49 49
15 39 66 66
15 40 38 38
16 16 0 0
16 17 71 71
16 18 23 23
16 19 48 48
16 20 34 34
16 21 57 57
16 22 57 57
16 23 30 30
16 24 39 39
16 25 79 79
16 26 19 19
16 27 56 56
16 28 12 12
16 29 28 28
16 30 49 49
16 31 38 38
16 32 50 50
16 33 56 56
16 34 20 20
16 35 46 46
16 36 31 31
16 37 70 70
16 38 61 61
16 39 16 16
16 40 52 52
17 17 0 0
17 18 54 54
17 19 93 93
17 20 71 71
17 21 37 37
17 22 107 107
17 23 45 45
17 24 90 90
17 25 82 82
17 26 68 68
17 27 19 19
17 28 59 59
17 29 92 92
17 30 106 106
17 31 34 34
17 32 21 21
17 33 57 57
17 34 77 77
17 35 85 85
17 36 48 48
17 37 48 48
17 38 11 11
17 39 59 59
17 40 23 23
18 18 0 0
18 19 67 67
18 20 48 48
18 21 53 53
18 22 78 78
18 23 29 29
18 24 59 59
18 25 87 87
18 26 35 35
18 27 37 37
18 28 13 13
18 29 51 51
18 30 71 71
18 31 29 29
18 32 37 37
18 33 60 60
18 34 41 41
18 35 63 63
18 36 8 8
18 37 69 69
18 38 46 46
18 39 7 7
18 40 42 42
19 19 0 0
19 20 22 22
19 21 60 60
19 22 14 14
19 23 50 50
19 24 10 10
19 25 47 47
19 26 32 32
19 27 86 86
19 28 54 54
19 29 28 28
19 30 19 19
19 31 61 61
19 32 73 73
19 33 44 44
19 34 28 28
19 35 9 9
19 36 73 73
19 37 63 63
19 38 82 82
19 39 61 61
19 40 69 69
20 20 0 0
20 21 41 41
20 22 36 36
20 23 28 28
20 24 19 19
20 25 46 46
20 26 14 14
20 27 64 64
20 28 36 36
20 29 28 28
20 30 35 35
20 31 39 39
20 32 51 51
20 33 30 30
20 34 17 17
20 35 15 15
20 36 53 53
20 37 48 48
20 38 61 61
20 39 43 43
20 40 48 48
21 21 0 0
21 22 74 74
21 23 27 27
21 24 60 60
21 25 46 46
21 26 44 44
21 27 40 40
21 28 49 49
21 29 67 67
21 30 76 76
21 31 24 24
21 32 25 25
21 33 20 20
21 34 53 53
21 35 51 51
21 36 52 52
21 37 16 16
21 38 28 28
21 39 53 53
21 40 17 17
22 22 0 0
22 23 64 64
22 24 19 19
22 25 57 57
22 26 44 44
22 27 100 100
22 28 65 65
22 29 32 32
22 30 13 13
22 31 75 75
22 32 87 87
22 33 58 58
22 34 38 38
22 35 23 23
22 36 84 84
22 37 77 77
22 38 96 96
22 39 71 71
22 40 83 83
23 23 0 0
23 24 45 45
23 25 59 59
23 26 22 22
23 27 36 36
23 28 22 22
23 29 47 47
23 30 61 61
23 31 11 11
23 32 24 24
23 33 32 32
23 34 32 32
23 35 43 43
23 36 30 30
23 37 41 41
23 38 35 35
23 39 27 27
23 40 23 23
24 24 0 0
24 25 55 55
24 26 25 25
24 27 82 82
24 28 46 46
24 29 18 18
24 30 16 16
24 31 57 57
24 32 69 69
24 33 47 47
24 34 19 19
24 35 14 14
24 36 66 66
24 37 65 65
24 38 79 79
24 39 53 53
24 40 67 67
25 25 0 0
25 26 59 59
25 27 86 86
25 28 77 77
25 29 71 71
25 30 66 66
25 31 65 65
25 32 70 70
25 33 28 28
25 34 63 63
25 35 41 41
25 36 89 89
25 37 35 35
25 38 74 74
25 39 84 84
25 40 63 63
26 26 0 0
26 27 57 57
26 28 22 22
26 29 24 24
26 30 39 39
26 31 34 34
26 32 47 47
26 33 39 39
26 34 10 10
26 35 28 28
26 36 41 41
26 37 55 55
26 38 57 57
26 39 29 29
26 40 46 46
27 27 0 0
27 28 44 44
27 29 80 80
27 30 97 97
27 31 25 25
27 32 16 16
27 33 58 58
27 34 66 66
27 35 79 79
27 36 30 30
27 37 55 55
27 38 16 16
27 39 42 42
27 40 23 23
28 28 0 0
28 29 38 38
28 30 58 58
28 31 28 28
28 32 39 39
28 33 52 52
28 34 27 27
28 35 50 50
28 36 20 20
28 37 64 64
28 38 50 50
28 39 7 7
28 40 42 42
29 29 0 0
29 30 21 21
29 31 57 57
29 32 70 70
29 33 58 58
29 34 14 14
29 35 31 31
29 36 58 58
29 37 76 76
29 38 81 81
29 39 44 44
29 40 70 70
30 30 0 0
30 31 72 72
30 32 85 85
30 33 62 62
30 34 31 31
30 35 27 27
30 36 78 78
30 37 81 81
30 38 95 95
30 39 64 64
30 40 83 83
31 31 0 0
31 32 13 13
31 33 36 36
31 34 43 43
31 35 54 54
31 36 28 28
31 37 40 40
31 38 24 24
31 39 30 30
31 40 14 14
32 32 0 0
32 33 42 42
32 34 56 56
32 35 65 65
32 36 33 33
32 37 40 40
32 38 11 11
32 39 40 40
32 40 8 8
33 33 0 0
33 34 46 46
33 35 35 35
33 36 62 62
33 37 19 19
33 38 48 48
33 39 58 58
33 40 35 35
34 34 0 0
34 35 27 27
34 36 47 47
34 37 63 63
34 38 67 67
34 39 34 34
34 40 55 55
35 35 0 0
35 36 68 68
35 37 54 54
35 38 74 74
35 39 57 57
35 40 61 61
36 36 0 0
36 37 68 68
36 38 41 41
36 39 15 15
36 40 39 39
37 37 0 0
37 38 41 41
37 39 68 68
37 40 33 33
38 38 0 0
38 39 50 50
38 40 13 13
39 39 0 0
39 40 44 44
40 40 0 0