15
2
10
2
2
15
3
2
4
7
1 1 0 0
1 2 2 2
1 3 3 3
1 4 3 3
1 5 1 1
1 6 17 17
1 7 21 21
1 8 18 18
1 9 19 19
1 10 18 18
1 11 22 22
1 12 23 23
1 13 23 23
1 14 21 21
1 15 26 26
2 2 0 0
2 3 4 4
2 4 1 1
2 5 3 3
2 6 19 19
2 7 23 23
2 8 20 20
2 9 21 21
2 10 20 20
2 11 23 23
2 12 24 24
2 13 24 24
2 14 22 22
2 15 27 27
3 3 0 0
3 4 5 5
3 5 2 2
3 6 16 16
3 7 20 20
3 8 17 17
3 9 18 18
3 10 17 17
3 11 19 19
3 12 20 20
3 13 20 20
3 14 18 18
3 15 23 23
4 4 0 0
4 5 4 4
4 6 20 20
4 7 24 24
4 8 21 21
4 9 22 22
4 10 21 21
4 11 24 24
4 12 25 25
4 13 24 24
4 14 22 22
4 15 28 28
5 5 0 0
5 6 16 16
5 7 20 20
5 8 17 17
5 9 18 18
5 10 17 17
5 11 21 21
5 12 22 22
5 13 22 22
5 14 20 20
5 15 25 25
6 6 0 0
6 7 4 4
6 8 1 1
6 9 3 3
6 10 1 1
6 11 20 20
6 12 21 21
6 13 21 21
6 14 20 20
6 15 22 22
7 7 0 0
7 8 3 3
7 9 3 3
7 10 3 3
7 11 22 22
7 12 23 23
7 13 24 24
7 14 22 22
7 15 23 23
8 8 0 0
8 9 3 3
8 10 2 2
8 11 20 20
8 12 21 21
8 13 21 21
8 14 19 19
8 15 21 21
9 9 0 0
9 10 1 1
9 11 23 23
9 12 24 24
9 13 24 24
9 14 22 22
9 15 24 24
10 10 0 0
10 11 21 21
10 12 22 22
10 13 23 23
10 14 21 21
10 15 23 23
11 11 0 0
11 12 1 1
11 13 1 1
11 14 1 1
11 15 4 4
12 12 0 0
12 13 1 1
12 14 2 2
12 15 4 4
13 13 0 0
13 14 2 2
13 15 4 4
14 14 0 0
14 15 6 6
15 15 0 0
