15
2
10
2
6
15
3
3
10
11
1 1 0 0
1 2 1 1
1 3 3 3
1 4 4 4
1 5 3 3
1 6 19 19
1 7 20 20
1 8 20 20
1 9 16 16
1 10 16 16
1 11 22 22
1 12 24 24
1 13 22 22
1 14 24 24
1 15 25 25
2 2 0 0
2 3 2 2
2 4 3 3
2 5 2 2
2 6 20 20
2 7 21 21
2 8 21 21
2 9 17 17
2 10 17 17
2 11 22 22
2 12 24 24
2 13 21 21
2 14 23 23
2 15 24 24
3 3 0 0
3 4 4 4
3 5 4 4
3 6 19 19
3 7 20 20
3 8 20 20
3 9 16 16
3 10 16 16
3 11 20 20
3 12 21 21
3 13 19 19
3 14 21 21
3 15 22 22
4 4 0 0
4 5 2 2
4 6 23 23
4 7 24 24
4 8 24 24
4 9 20 20
4 10 20 20
4 11 23 23
4 12 24 24
4 13 21 21
4 14 23 23
4 15 25 25
5 5 0 0
5 6 22 22
5 7 23 23
5 8 23 23
5 9 19 19
5 10 19 19
5 11 24 24
5 12 26 26
5 13 23 23
5 14 25 25
5 15 26 26
6 6 0 0
6 7 1 1
6 8 2 2
6 9 3 3
6 10 3 3
6 11 21 21
6 12 23 23
6 13 24 24
6 14 26 26
6 15 24 24
7 7 0 0
7 8 3 3
7 9 4 4
7 10 4 4
7 11 22 22
7 12 24 24
7 13 25 25
7 14 27 27
7 15 25 25
8 8 0 0
8 9 4 4
8 10 4 4
8 11 20 20
8 12 21 21
8 13 23 23
8 14 24 24
8 15 23 23
9 9 0 0
9 10 0 0
9 11 19 19
9 12 21 21
9 13 21 21
9 14 23 23
9 15 22 22
10 10 0 0
10 11 19 19
10 12 21 21
10 13 21 21
10 14 23 23
10 15 22 22
11 11 0 0
11 12 2 2
11 13 4 4
11 14 5 5
11 15 3 3
12 12 0 0
12 13 4 4
12 14 4 4
12 15 1 1
13 13 0 0
13 14 2 2
13 15 4 4
14 14 0 0
14 15 3 3
15 15 0 0
