15
2
10
2
5
7
3
2
5
13
1 1 0 0
1 2 4 4
1 3 3 3
1 4 2 2
1 5 4 4
1 6 24 24
1 7 24 24
1 8 24 24
1 9 23 23
1 10 22 22
1 11 27 27
1 12 24 24
1 13 27 27
1 14 25 25
1 15 26 26
2 2 0 0
2 3 2 2
2 4 1 1
2 5 0 0
2 6 21 21
2 7 21 21
2 8 21 21
2 9 20 20
2 10 19 19
2 11 24 24
2 12 21 21
2 13 24 24
2 14 22 22
2 15 23 23
3 3 0 0
3 4 1 1
3 5 2 2
3 6 21 21
3 7 21 21
3 8 21 21
3 9 20 20
3 10 19 19
3 11 26 26
3 12 22 22
3 13 25 25
3 14 23 23
3 15 25 25
4 4 0 0
4 5 1 1
4 6 22 22
4 7 22 22
4 8 22 22
4 9 21 21
4 10 20 20
4 11 25 25
4 12 22 22
4 13 25 25
4 14 23 23
4 15 24 24
5 5 0 0
5 6 21 21
5 7 21 21
5 8 21 21
5 9 20 20
5 10 19 19
5 11 24 24
5 12 21 21
5 13 24 24
5 14 22 22
5 15 23 23
6 6 0 0
6 7 1 1
6 8 2 2
6 9 1 1
6 10 4 4
6 11 23 23
6 12 19 19
6 13 21 21
6 14 22 22
6 15 24 24
7 7 0 0
7 8 1 1
7 9 1 1
7 10 3 3
7 11 24 24
7 12 20 20
7 13 22 22
7 14 23 23
7 15 25 25
8 8 0 0
8 9 1 1
8 10 2 2
8 11 25 25
8 12 21 21
8 13 23 23
8 14 24 24
8 15 26 26
9 9 0 0
9 10 2 2
9 11 24 24
9 12 20 20
9 13 22 22
9 14 22 22
9 15 25 25
10 10 0 0
10 11 25 25
10 12 21 21
10 13 23 23
10 14 24 24
10 15 26 26
11 11 0 0
11 12 4 4
11 13 2 2
11 14 2 2
11 15 2 2
12 12 0 0
12 13 3 3
12 14 3 3
12 15 5 5
13 13 0 0
13 14 3 3
13 15 4 4
14 14 0 0
14 15 2 2
15 15 0 0
