15
2
10
2
4
15
3
3
4
7
1 1 0 0
1 2 2 2
1 3 0 0
1 4 4 4
1 5 2 2
1 6 16 16
1 7 16 16
1 8 16 16
1 9 18 18
1 10 20 20
1 11 20 20
1 12 23 23
1 13 22 22
1 14 21 21
1 15 22 22
2 2 0 0
2 3 2 2
2 4 4 4
2 5 1 1
2 6 17 17
2 7 17 17
2 8 17 17
2 9 19 19
2 10 21 21
2 11 18 18
2 12 21 21
2 13 20 20
2 14 19 19
2 15 21 21
3 3 0 0
3 4 4 4
3 5 2 2
3 6 16 16
3 7 16 16
3 8 16 16
3 9 18 18
3 10 20 20
3 11 20 20
3 12 23 23
3 13 22 22
3 14 21 21
3 15 22 22
4 4 0 0
4 5 2 2
4 6 20 20
4 7 20 20
4 8 20 20
4 9 22 22
4 10 24 24
4 11 21 21
4 12 24 24
4 13 23 23
4 14 22 22
4 15 24 24
5 5 0 0
5 6 18 18
5 7 18 18
5 8 18 18
5 9 20 20
5 10 22 22
5 11 20 20
5 12 22 22
5 13 22 22
5 14 21 21
5 15 22 22
6 6 0 0
6 7 0 0
6 8 1 1
6 9 2 2
6 10 4 4
6 11 19 19
6 12 21 21
6 13 21 21
6 14 20 20
6 15 18 18
7 7 0 0
7 8 1 1
7 9 2 2
7 10 4 4
7 11 19 19
7 12 21 21
7 13 21 21
7 14 20 20
7 15 18 18
8 8 0 0
8 9 2 2
8 10 4 4
8 11 20 20
8 12 22 22
8 13 21 21
8 14 21 21
8 15 19 19
9 9 0 0
9 10 2 2
9 11 21 21
9 12 23 23
9 13 22 22
9 14 22 22
9 15 20 20
10 10 0 0
10 11 21 21
10 12 24 24
10 13 23 23
10 14 22 22
10 15 20 20
11 11 0 0
11 12 3 3
11 13 2 2
11 14 1 1
11 15 4 4
12 12 0 0
12 13 1 1
12 14 2 2
12 15 4 4
13 13 0 0
13 14 1 1
13 15 4 4
14 14 0 0
14 15 4 4
15 15 0 0
