15
2
10
2
4
9
3
7
8
10
1 1 0 0
1 2 4 4
1 3 4 4
1 4 4 4
1 5 1 1
1 6 18 18
1 7 21 21
1 8 21 21
1 9 21 21
1 10 21 21
1 11 20 20
1 12 18 18
1 13 19 19
1 14 19 19
1 15 21 21
2 2 0 0
2 3 3 3
2 4 0 0
2 5 5 5
2 6 21 21
2 7 24 24
2 8 24 24
2 9 24 24
2 10 24 24
2 11 24 24
2 12 22 22
2 13 23 23
2 14 23 23
2 15 25 25
3 3 0 0
3 4 3 3
3 5 4 4
3 6 18 18
3 7 21 21
3 8 21 21
3 9 21 21
3 10 21 21
3 11 24 24
3 12 22 22
3 13 22 22
3 14 22 22
3 15 25 25
4 4 0 0
4 5 5 5
4 6 21 21
4 7 24 24
4 8 24 24
4 9 24 24
4 10 24 24
4 11 24 24
4 12 22 22
4 13 23 23
4 14 23 23
4 15 25 25
5 5 0 0
5 6 17 17
5 7 20 20
5 8 20 20
5 9 20 20
5 10 20 20
5 11 20 20
5 12 17 17
5 13 18 18
5 14 18 18
5 15 21 21
6 6 0 0
6 7 3 3
6 8 3 3
6 9 3 3
6 10 3 3
6 11 20 20
6 12 21 21
6 13 21 21
6 14 21 21
6 15 25 25
7 7 0 0
7 8 1 1
7 9 0 0
7 10 0 0
7 11 21 21
7 12 22 22
7 13 23 23
7 14 23 23
7 15 26 26
8 8 0 0
8 9 1 1
8 10 1 1
8 11 21 21
8 12 21 21
8 13 22 22
8 14 22 22
8 15 25 25
9 9 0 0
9 10 0 0
9 11 21 21
9 12 22 22
9 13 23 23
9 14 23 23
9 15 26 26
10 10 0 0
10 11 21 21
10 12 22 22
10 13 23 23
10 14 23 23
10 15 26 26
11 11 0 0
11 12 3 3
11 13 3 3
11 14 3 3
11 15 5 5
12 12 0 0
12 13 1 1
12 14 1 1
12 15 4 4
13 13 0 0
13 14 0 0
13 15 3 3
14 14 0 0
14 15 3 3
15 15 0 0
