15
2
10
2
5
10
3
2
3
12
1 1 0 0
1 2 4 4
1 3 4 4
1 4 4 4
1 5 3 3
1 6 18 18
1 7 19 19
1 8 21 21
1 9 19 19
1 10 19 19
1 11 21 21
1 12 22 22
1 13 19 19
1 14 20 20
1 15 19 19
2 2 0 0
2 3 1 1
2 4 2 2
2 5 3 3
2 6 20 20
2 7 21 21
2 8 23 23
2 9 21 21
2 10 21 21
2 11 24 24
2 12 26 26
2 13 23 23
2 14 24 24
2 15 22 22
3 3 0 0
3 4 1 1
3 5 4 4
3 6 19 19
3 7 20 20
3 8 22 22
3 9 20 20
3 10 20 20
3 11 25 25
3 12 26 26
3 13 23 23
3 14 24 24
3 15 23 23
4 4 0 0
4 5 5 5
4 6 18 18
4 7 19 19
4 8 21 21
4 9 19 19
4 10 19 19
4 11 24 24
4 12 25 25
4 13 23 23
4 14 24 24
4 15 22 22
5 5 0 0
5 6 21 21
5 7 22 22
5 8 24 24
5 9 22 22
5 10 22 22
5 11 22 22
5 12 24 24
5 13 21 21
5 14 22 22
5 15 20 20
6 6 0 0
6 7 1 1
6 8 4 4
6 9 1 1
6 10 3 3
6 11 22 22
6 12 21 21
6 13 20 20
6 14 21 21
6 15 21 21
7 7 0 0
7 8 3 3
7 9 0 0
7 10 3 3
7 11 23 23
7 12 22 22
7 13 21 21
7 14 21 21
7 15 21 21
8 8 0 0
8 9 3 3
8 10 2 2
8 11 26 26
8 12 24 24
8 13 23 23
8 14 24 24
8 15 24 24
9 9 0 0
9 10 3 3
9 11 23 23
9 12 22 22
9 13 21 21
9 14 21 21
9 15 21 21
10 10 0 0
10 11 25 25
10 12 24 24
10 13 23 23
10 14 24 24
10 15 24 24
11 11 0 0
11 12 3 3
11 13 2 2
11 14 1 1
11 15 2 2
12 12 0 0
12 13 3 3
12 14 2 2
12 15 4 4
13 13 0 0
13 14 1 1
13 15 1 1
14 14 0 0
14 15 1 1
15 15 0 0
