15
2
10
2
5
15
3
5
9
13
1 1 0 0
1 2 3 3
1 3 2 2
1 4 4 4
1 5 3 3
1 6 19 19
1 7 20 20
1 8 22 22
1 9 18 18
1 10 19 19
1 11 24 24
1 12 24 24
1 13 25 25
1 14 22 22
1 15 22 22
2 2 0 0
2 3 3 3
2 4 1 1
2 5 1 1
2 6 20 20
2 7 21 21
2 8 23 23
2 9 19 19
2 10 20 20
2 11 22 22
2 12 22 22
2 13 22 22
2 14 20 20
2 15 20 20
3 3 0 0
3 4 3 3
3 5 4 4
3 6 21 21
3 7 22 22
3 8 24 24
3 9 20 20
3 10 21 21
3 11 25 25
3 12 25 25
3 13 26 26
3 14 23 23
3 15 23 23
4 4 0 0
4 5 2 2
4 6 21 21
4 7 22 22
4 8 24 24
4 9 20 20
4 10 21 21
4 11 22 22
4 12 23 23
4 13 23 23
4 14 21 21
4 15 21 21
5 5 0 0
5 6 19 19
5 7 20 20
5 8 22 22
5 9 18 18
5 10 19 19
5 11 21 21
5 12 22 22
5 13 22 22
5 14 20 20
5 15 20 20
6 6 0 0
6 7 1 1
6 8 4 4
6 9 1 1
6 10 1 1
6 11 23 23
6 12 21 21
6 13 22 22
6 14 23 23
6 15 21 21
7 7 0 0
7 8 4 4
7 9 3 3
7 10 2 2
7 11 24 24
7 12 22 22
7 13 24 24
7 14 24 24
7 15 22 22
8 8 0 0
8 9 4 4
8 10 4 4
8 11 22 22
8 12 20 20
8 13 21 21
8 14 22 22
8 15 20 20
9 9 0 0
9 10 1 1
9 11 22 22
9 12 20 20
9 13 21 21
9 14 21 21
9 15 20 20
10 10 0 0
10 11 22 22
10 12 20 20
10 13 22 22
10 14 22 22
10 15 20 20
11 11 0 0
11 12 2 2
11 13 1 1
11 14 2 2
11 15 2 2
12 12 0 0
12 13 1 1
12 14 4 4
12 15 2 2
13 13 0 0
13 14 3 3
13 15 2 2
14 14 0 0
14 15 2 2
15 15 0 0
