15
2
10
2
7
11
3
3
6
7
1 1 0 0
1 2 2 2
1 3 0 0
1 4 3 3
1 5 1 1
1 6 22 22
1 7 22 22
1 8 22 22
1 9 18 18
1 10 18 18
1 11 22 22
1 12 23 23
1 13 21 21
1 14 24 24
1 15 21 21
2 2 0 0
2 3 2 2
2 4 4 4
2 5 1 1
2 6 24 24
2 7 24 24
2 8 24 24
2 9 20 20
2 10 20 20
2 11 23 23
2 12 25 25
2 13 22 22
2 14 26 26
2 15 23 23
3 3 0 0
3 4 3 3
3 5 1 1
3 6 22 22
3 7 22 22
3 8 22 22
3 9 18 18
3 10 18 18
3 11 22 22
3 12 23 23
3 13 21 21
3 14 24 24
3 15 21 21
4 4 0 0
4 5 4 4
4 6 22 22
4 7 22 22
4 8 22 22
4 9 18 18
4 10 18 18
4 11 19 19
4 12 21 21
4 13 18 18
4 14 21 21
4 15 18 18
5 5 0 0
5 6 23 23
5 7 23 23
5 8 23 23
5 9 19 19
5 10 19 19
5 11 23 23
5 12 25 25
5 13 22 22
5 14 25 25
5 15 22 22
6 6 0 0
6 7 0 0
6 8 1 1
6 9 4 4
6 10 4 4
6 11 24 24
6 12 23 23
6 13 23 23
6 14 23 23
6 15 22 22
7 7 0 0
7 8 1 1
7 9 4 4
7 10 4 4
7 11 24 24
7 12 23 23
7 13 23 23
7 14 23 23
7 15 22 22
8 8 0 0
8 9 4 4
8 10 4 4
8 11 23 23
8 12 22 22
8 13 22 22
8 14 22 22
8 15 21 21
9 9 0 0
9 10 1 1
9 11 22 22
9 12 22 22
9 13 21 21
9 14 22 22
9 15 21 21
10 10 0 0
10 11 21 21
10 12 22 22
10 13 21 21
10 14 21 21
10 15 20 20
11 11 0 0
11 12 2 2
11 13 1 1
11 14 3 3
11 15 1 1
12 12 0 0
12 13 3 3
12 14 1 1
12 15 2 2
13 13 0 0
13 14 4 4
13 15 1 1
14 14 0 0
14 15 3 3
15 15 0 0
