15
2
10
2
12
13
3
6
7
13
1 1 0 0
1 2 3 3
1 3 2 2
1 4 4 4
1 5 2 2
1 6 19 19
1 7 19 19
1 8 19 19
1 9 22 22
1 10 23 23
1 11 21 21
1 12 20 20
1 13 22 22
1 14 21 21
1 15 21 21
2 2 0 0
2 3 4 4
2 4 1 1
2 5 1 1
2 6 20 20
2 7 20 20
2 8 20 20
2 9 23 23
2 10 24 24
2 11 24 24
2 12 23 23
2 13 25 25
2 14 25 25
2 15 24 24
3 3 0 0
3 4 4 4
3 5 3 3
3 6 17 17
3 7 17 17
3 8 17 17
3 9 20 20
3 10 21 21
3 11 20 20
3 12 19 19
3 13 21 21
3 14 21 21
3 15 20 20
4 4 0 0
4 5 2 2
4 6 19 19
4 7 19 19
4 8 19 19
4 9 22 22
4 10 23 23
4 11 25 25
4 12 24 24
4 13 26 26
4 14 25 25
4 15 24 24
5 5 0 0
5 6 19 19
5 7 19 19
5 8 19 19
5 9 22 22
5 10 23 23
5 11 23 23
5 12 22 22
5 13 24 24
5 14 23 23
5 15 22 22
6 6 0 0
6 7 1 1
6 8 3 3
6 9 3 3
6 10 4 4
6 11 24 24
6 12 22 22
6 13 25 25
6 14 24 24
6 15 21 21
7 7 0 0
7 8 2 2
7 9 4 4
7 10 4 4
7 11 23 23
7 12 21 21
7 13 24 24
7 14 23 23
7 15 20 20
8 8 0 0
8 9 5 5
8 10 4 4
8 11 21 21
8 12 19 19
8 13 22 22
8 14 21 21
8 15 18 18
9 9 0 0
9 10 3 3
9 11 26 26
9 12 24 24
9 13 27 27
9 14 26 26
9 15 23 23
10 10 0 0
10 11 24 24
10 12 22 22
10 13 25 25
10 14 24 24
10 15 21 21
11 11 0 0
11 12 3 3
11 13 1 1
11 14 1 1
11 15 4 4
12 12 0 0
12 13 4 4
12 14 2 2
12 15 1 1
13 13 0 0
13 14 1 1
13 15 4 4
14 14 0 0
14 15 3 3
15 15 0 0
