15
2
10
2
3
12
3
10
12
15
1 1 0 0
1 2 3 3
1 3 1 1
1 4 2 2
1 5 2 2
1 6 19 19
1 7 19 19
1 8 22 22
1 9 18 18
1 10 22 22
1 11 24 24
1 12 22 22
1 13 24 24
1 14 25 25
1 15 22 22
2 2 0 0
2 3 2 2
2 4 4 4
2 5 2 2
2 6 18 18
2 7 18 18
2 8 21 21
2 9 17 17
2 10 21 21
2 11 21 21
2 12 19 19
2 13 21 21
2 14 22 22
2 15 19 19
3 3 0 0
3 4 2 2
3 5 1 1
3 6 19 19
3 7 19 19
3 8 22 22
3 9 18 18
3 10 22 22
3 11 23 23
3 12 21 21
3 13 23 23
3 14 24 24
3 15 22 22
4 4 0 0
4 5 2 2
4 6 21 21
4 7 21 21
4 8 24 24
4 9 20 20
4 10 24 24
4 11 25 25
4 12 23 23
4 13 25 25
4 14 25 25
4 15 23 23
5 5 0 0
5 6 20 20
5 7 20 20
5 8 23 23
5 9 19 19
5 10 23 23
5 11 22 22
5 12 21 21
5 13 23 23
5 14 23 23
5 15 21 21
6 6 0 0
6 7 2 2
6 8 3 3
6 9 1 1
6 10 4 4
6 11 22 22
6 12 21 21
6 13 23 23
6 14 24 24
6 15 23 23
7 7 0 0
7 8 4 4
7 9 2 2
7 10 3 3
7 11 20 20
7 12 19 19
7 13 21 21
7 14 22 22
7 15 21 21
8 8 0 0
8 9 4 4
8 10 3 3
8 11 24 24
8 12 23 23
8 13 25 25
8 14 26 26
8 15 25 25
9 9 0 0
9 10 4 4
9 11 21 21
9 12 21 21
9 13 22 22
9 14 24 24
9 15 22 22
10 10 0 0
10 11 21 21
10 12 21 21
10 13 22 22
10 14 24 24
10 15 23 23
11 11 0 0
11 12 1 1
11 13 1 1
11 14 3 3
11 15 3 3
12 12 0 0
12 13 2 2
12 14 3 3
12 15 2 2
13 13 0 0
13 14 1 1
13 15 2 2
14 14 0 0
14 15 2 2
15 15 0 0
